
=================================
| IO Statistics                 |
|                               |
| Interval size: 0.5 secs       |
| Col 1: ip.src==117.96.39.17   |
|-------------------------------|
|              |1               |
| Interval
| Interval     | Frames | Bytes |
|-------------------------------|
|  0.0 <>  0.5 |      2 |   588 |
|  0.5 <>  1.0 |     35 |  2913 |
|  1.0 <>  1.5 |      9 |  1493 |
|  1.5 <>  2.0 |      1 |    56 |
|  2.0 <>  2.5 |      0 |     0 |
|  2.5 <>  3.0 |      0 |     0 |
|  3.0 <>  3.5 |      0 |     0 |
|  3.5 <>  4.0 |      0 |     0 |
|  4.0 <>  4.5 |      0 |     0 |
|  4.5 <>  5.0 |      0 |     0 |
|  5.0 <>  5.5 |     25 |  3986 |
|  5.5 <>  6.0 |     16 |  1312 |
|  6.0 <>  6.5 |      5 |   328 |
|  6.5 <>  7.0 |      0 |     0 |
|  7.0 <>  7.5 |      0 |     0 |
|  7.5 <>  8.0 |      0 |     0 |
|  8.0 <>  8.5 |      0 |     0 |
|  8.5 <>  9.0 |      0 |     0 |
|  9.0 <>  9.5 |      9 |  1530 |
|  9.5 <> 10.0 |     55 |  7712 |
| 10.0 <> 10.5 |     22 |  1358 |
| 10.5 <> 11.0 |     21 |  1818 |
| 11.0 <> 11.5 |     11 |  1792 |
| 11.5 <> 12.0 |      0 |     0 |
| 12.0 <> 12.5 |      0 |     0 |
| 12.5 <> 13.0 |      0 |     0 |
| 13.0 <> 13.5 |      0 |     0 |
| 13.5 <> 14.0 |      0 |     0 |
| 14.0 <> 14.5 |      0 |     0 |
| 14.5 <> 15.0 |      0 |     0 |
| 15.0 <> 15.5 |      0 |     0 |
| 15.5 <> 16.0 |      6 |   855 |
| 16.0 <> 16.5 |     16 |  2909 |
| 16.5 <> 17.0 |      3 |   202 |
| 17.0 <> 17.5 |      0 |     0 |
| 17.5 <> 18.0 |      0 |     0 |
| 18.0 <> 18.5 |      0 |     0 |
| 18.5 <> 19.0 |      0 |     0 |
| 19.0 <> 19.5 |      0 |     0 |
| 19.5 <> 20.0 |      0 |     0 |
| 20.0 <> 20.5 |      0 |     0 |
| 20.5 <> 21.0 |      0 |     0 |
| 21.0 <> 21.5 |      0 |     0 |
| 21.5 <> 22.0 |      4 |   720 |
| 22.0 <> 22.5 |     33 |  6198 |
| 22.5 <> 23.0 |     90 | 16315 |
| 23.0 <> 23.5 |      1 |    68 |
| 23.5 <> 24.0 |      0 |     0 |
| 24.0 <> 24.5 |      0 |     0 |
| 24.5 <> 25.0 |      0 |     0 |
| 25.0 <> 25.5 |      6 |   384 |
| 25.5 <> 26.0 |      0 |     0 |
| 26.0 <> 26.5 |      0 |     0 |
| 26.5 <> 27.0 |      0 |     0 |
| 27.0 <> 27.5 |      2 |   163 |
| 27.5 <> 28.0 |     16 |  3960 |
| 28.0 <> 28.5 |     26 |  6124 |
| 28.5 <> 29.0 |      0 |     0 |
| 29.0 <> 29.5 |      0 |     0 |
| 29.5 <> 30.0 |      0 |     0 |
| 30.0 <> 30.5 |      0 |     0 |
| 30.5 <> 31.0 |      0 |     0 |
| 31.0 <> 31.5 |      0 |     0 |
| 31.5 <> 32.0 |      0 |     0 |
| 32.0 <> 32.5 |      0 |     0 |
| 32.5 <> 33.0 |      0 |     0 |
| 33.0 <> 33.5 |     22 |  3209 |
| 33.5 <> 34.0 |     41 |  6186 |
| 34.0 <> 34.5 |      0 |     0 |
| 34.5 <> 35.0 |      0 |     0 |
| 35.0 <> 35.5 |      0 |     0 |
| 35.5 <> 36.0 |      0 |     0 |
| 36.0 <> 36.5 |      0 |     0 |
| 36.5 <> 37.0 |      0 |     0 |
| 37.0 <> 37.5 |      0 |     0 |
| 37.5 <> 38.0 |      0 |     0 |
| 38.0 <> 38.5 |      0 |     0 |
| 38.5 <> 39.0 |      8 |   677 |
| 39.0 <> 39.5 |     17 |  3036 |
| 39.5 <> 40.0 |      0 |     0 |
| 40.0 <> 40.5 |      0 |     0 |
| 40.5 <> 41.0 |      0 |     0 |
| 41.0 <> 41.5 |      0 |     0 |
| 41.5 <> 42.0 |      0 |     0 |
| 42.0 <> 42.5 |      0 |     0 |
| 42.5 <> 43.0 |      0 |     0 |
| 43.0 <> 43.5 |      2 |   112 |
| 43.5 <> 44.0 |      4 |   236 |
| 44.0 <> 44.5 |      2 |   136 |
| 44.5 <> 45.0 |      1 |    76 |
| 45.0 <> 45.5 |     39 |  3219 |
| 45.5 <> 46.0 |     12 |  5342 |
| 46.0 <> 46.5 |     67 | 14319 |
| 46.5 <> 47.0 |     48 |  8953 |
| 47.0 <> 47.5 |     72 | 11146 |
| 47.5 <> 48.0 |      1 |    68 |
| 48.0 <> 48.5 |      0 |     0 |
| 48.5 <> 49.0 |      1 |  1436 |
| 49.0 <> 49.5 |      0 |     0 |
| 49.5 <> 50.0 |      0 |     0 |
| 50.0 <> 50.5 |      0 |     0 |
| 50.5 <> 51.0 |      0 |     0 |
| 51.0 <> 51.5 |     10 |   771 |
| 51.5 <> 52.0 |     14 |  6064 |
| 52.0 <> 52.5 |      2 |   148 |
| 52.5 <> 53.0 |     12 |  1418 |
| 53.0 <> 53.5 |     36 |  4443 |
| 53.5 <> 54.0 |     30 |  6329 |
| 54.0 <> 54.5 |     20 |  2456 |
| 54.5 <> 55.0 |     16 |  3878 |
| 55.0 <> 55.5 |      4 |   803 |
| 55.5 <> 56.0 |      5 |   883 |
| 56.0 <> 56.5 |      4 |   300 |
| 56.5 <> 57.0 |     26 |  6178 |
| 57.0 <> 57.5 |      9 |  1446 |
| 57.5 <> 58.0 |     10 |  1406 |
| 58.0 <> 58.5 |      7 |  1129 |
| 58.5 <> 59.0 |     32 |  7423 |
| 59.0 <> 59.5 |     12 |  2231 |
| 59.5 <> 60.0 |     33 |  2244 |
| 60.0 <> 60.5 |      5 |   340 |
| 60.5 <> 61.0 |      0 |     0 |
| 61.0 <> 61.5 |      1 |    68 |
| 61.5 <> 62.0 |      1 |    56 |
| 62.0 <> 62.5 |      2 |  1056 |
| 62.5 <> 63.0 |     19 |  5854 |
| 63.0 <> 63.5 |     44 | 17436 |
| 63.5 <> 64.0 |     24 |  3755 |
| 64.0 <> 64.5 |     56 |  4485 |
| 64.5 <> 65.0 |     30 |  2555 |
| 65.0 <> 65.5 |     39 |  2506 |
| 65.5 <> 66.0 |      3 |   204 |
| 66.0 <> 66.5 |      0 |     0 |
| 66.5 <> 67.0 |      0 |     0 |
| 67.0 <> 67.5 |      2 |   134 |
| 67.5 <> 68.0 |      7 |   540 |
| 68.0 <> 68.5 |     36 |  5154 |
| 68.5 <> 69.0 |     56 |  4384 |
| 69.0 <> 69.5 |     12 |  1324 |
| 69.5 <> 70.0 |      0 |     0 |
| 70.0 <> 70.5 |      7 |  1202 |
| 70.5 <> 71.0 |      5 |  1599 |
| 71.0 <> 71.5 |      5 |   340 |
| 71.5 <> 72.0 |     14 |   952 |
| 72.0 <> 72.5 |      7 |   476 |
| 72.5 <> 73.0 |     10 |  1193 |
| 73.0 <> 73.5 |      6 |   408 |
| 73.5 <> 74.0 |      2 |   159 |
| 74.0 <> 74.5 |      1 |    73 |
| 74.5 <> 75.0 |      7 |   956 |
| 75.0 <> 75.5 |      9 |  1295 |
| 75.5 <> 76.0 |     25 |  3247 |
| 76.0 <> 76.5 |      7 |  1267 |
| 76.5 <> 77.0 |      5 |   370 |
| 77.0 <> 77.5 |      5 |   788 |
| 77.5 <> 78.0 |      7 |   970 |
| 78.0 <> 78.5 |      4 |  1047 |
| 78.5 <> 79.0 |      4 |   260 |
| 79.0 <> 79.5 |      0 |     0 |
| 79.5 <> 80.0 |      0 |     0 |
| 80.0 <> 80.5 |      0 |     0 |
| 80.5 <> 81.0 |      0 |     0 |
| 81.0 <> 81.5 |      0 |     0 |
| 81.5 <> 82.0 |      1 |    82 |
| 82.0 <> 82.5 |      6 |   841 |
| 82.5 <> 83.0 |      1 |    80 |
| 83.0 <> 83.5 |      0 |     0 |
| 83.5 <> 84.0 |      0 |     0 |
| 84.0 <> 84.5 |      1 |    68 |
| 84.5 <> 85.0 |      0 |     0 |
| 85.0 <> 85.5 |      3 |   204 |
| 85.5 <> 86.0 |      0 |     0 |
| 86.0 <> 86.5 |      0 |     0 |
| 86.5 <> 87.0 |      0 |     0 |
| 87.0 <> 87.5 |      0 |     0 |
| 87.5 <> 88.0 |      2 |   156 |
| 88.0 <> 88.5 |      2 |   941 |
| 88.5 <> 89.0 |     12 |  1237 |
| 89.0 <> 89.6 |     13 |  1596 |
=================================
