3.862751000
3.877782000
4.007771000
4.022734000
4.022824000
4.165792000
4.182785000
4.218100000
4.434853000
4.975016000
5.215091000
5.282800000
5.365466000
5.527876000
12.987683000
13.057703000
14.794950000
15.355405000
15.585824000
15.705424000
17.085309000
17.114963000
17.205421000
17.494795000
17.717945000
18.931869000
18.955651000
23.432678000
23.821694000
24.560418000
24.755383000
26.255226000
26.844807000
29.287739000
29.287798000
29.387705000
29.407720000
29.407787000
29.607713000
29.907694000
30.567694000
31.114114000
31.295070000
31.535231000
33.010091000
33.115294000
33.625144000
35.245044000
35.595065000
