
===================================
| IO Statistics                   |
|                                 |
| Interval size: 0.5 secs         |
| Col 1: ip.dst==223.184.16.243   |
|---------------------------------|
|                |1               |
| Interval
| Interval       | Frames | Bytes |
|---------------------------------|
|   0.0 <>   0.5 |      2 |   186 |
|   0.5 <>   1.0 |      0 |     0 |
|   1.0 <>   1.5 |      4 |   910 |
|   1.5 <>   2.0 |      2 |   128 |
|   2.0 <>   2.5 |      0 |     0 |
|   2.5 <>   3.0 |      4 |  1297 |
|   3.0 <>   3.5 |      2 |   179 |
|   3.5 <>   4.0 |      2 |   120 |
|   4.0 <>   4.5 |      0 |     0 |
|   4.5 <>   5.0 |      3 |   377 |
|   5.0 <>   5.5 |      1 |    56 |
|   5.5 <>   6.0 |      0 |     0 |
|   6.0 <>   6.5 |      1 |    56 |
|   6.5 <>   7.0 |      0 |     0 |
|   7.0 <>   7.5 |      0 |     0 |
|   7.5 <>   8.0 |      0 |     0 |
|   8.0 <>   8.5 |      0 |     0 |
|   8.5 <>   9.0 |      0 |     0 |
|   9.0 <>   9.5 |      0 |     0 |
|   9.5 <>  10.0 |      0 |     0 |
|  10.0 <>  10.5 |      0 |     0 |
|  10.5 <>  11.0 |      0 |     0 |
|  11.0 <>  11.5 |      0 |     0 |
|  11.5 <>  12.0 |      0 |     0 |
|  12.0 <>  12.5 |      0 |     0 |
|  12.5 <>  13.0 |      0 |     0 |
|  13.0 <>  13.5 |      0 |     0 |
|  13.5 <>  14.0 |      0 |     0 |
|  14.0 <>  14.5 |      0 |     0 |
|  14.5 <>  15.0 |      0 |     0 |
|  15.0 <>  15.5 |      0 |     0 |
|  15.5 <>  16.0 |      0 |     0 |
|  16.0 <>  16.5 |      0 |     0 |
|  16.5 <>  17.0 |      0 |     0 |
|  17.0 <>  17.5 |      0 |     0 |
|  17.5 <>  18.0 |      0 |     0 |
|  18.0 <>  18.5 |      0 |     0 |
|  18.5 <>  19.0 |      0 |     0 |
|  19.0 <>  19.5 |      0 |     0 |
|  19.5 <>  20.0 |      0 |     0 |
|  20.0 <>  20.5 |      0 |     0 |
|  20.5 <>  21.0 |      0 |     0 |
|  21.0 <>  21.5 |      0 |     0 |
|  21.5 <>  22.0 |      0 |     0 |
|  22.0 <>  22.5 |      0 |     0 |
|  22.5 <>  23.0 |      0 |     0 |
|  23.0 <>  23.5 |      0 |     0 |
|  23.5 <>  24.0 |      0 |     0 |
|  24.0 <>  24.5 |      6 |  4657 |
|  24.5 <>  25.0 |     15 | 17464 |
|  25.0 <>  25.5 |     15 |  3974 |
|  25.5 <>  26.0 |     15 |  7161 |
|  26.0 <>  26.5 |     16 | 15763 |
|  26.5 <>  27.0 |     15 |  4364 |
|  27.0 <>  27.5 |     23 |  1709 |
|  27.5 <>  28.0 |     27 | 13060 |
|  28.0 <>  28.5 |     11 |   804 |
|  28.5 <>  29.0 |      6 |  3344 |
|  29.0 <>  29.5 |     10 |  1474 |
|  29.5 <>  30.0 |      7 |  3215 |
|  30.0 <>  30.5 |      4 |   449 |
|  30.5 <>  31.0 |      9 |  1634 |
|  31.0 <>  31.5 |     13 |   920 |
|  31.5 <>  32.0 |     23 |  3010 |
|  32.0 <>  32.5 |     13 |  1701 |
|  32.5 <>  33.0 |      8 |   832 |
|  33.0 <>  33.5 |      4 |   280 |
|  33.5 <>  34.0 |      3 |   515 |
|  34.0 <>  34.5 |     21 |  2104 |
|  34.5 <>  35.0 |     17 |  2265 |
|  35.0 <>  35.5 |      6 |  1252 |
|  35.5 <>  36.0 |      9 |   668 |
|  36.0 <>  36.5 |     21 |  4224 |
|  36.5 <>  37.0 |      0 |     0 |
|  37.0 <>  37.5 |      1 |    68 |
|  37.5 <>  38.0 |      0 |     0 |
|  38.0 <>  38.5 |      3 |   407 |
|  38.5 <>  39.0 |      6 |   838 |
|  39.0 <>  39.5 |      0 |     0 |
|  39.5 <>  40.0 |      1 |   469 |
|  40.0 <>  40.5 |      2 |  1195 |
|  40.5 <>  41.0 |      2 |   401 |
|  41.0 <>  41.5 |      2 |   877 |
|  41.5 <>  42.0 |      2 |  1140 |
|  42.0 <>  42.5 |      4 |  3133 |
|  42.5 <>  43.0 |      3 |   870 |
|  43.0 <>  43.5 |      0 |     0 |
|  43.5 <>  44.0 |      1 |   306 |
|  44.0 <>  44.5 |     15 |  1233 |
|  44.5 <>  45.0 |      4 |   268 |
|  45.0 <>  45.5 |     12 |  1623 |
|  45.5 <>  46.0 |      5 |   413 |
|  46.0 <>  46.5 |     15 |  1167 |
|  46.5 <>  47.0 |      1 |    68 |
|  47.0 <>  47.5 |      8 |   802 |
|  47.5 <>  48.0 |      4 |   284 |
|  48.0 <>  48.5 |      7 |  3615 |
|  48.5 <>  49.0 |      2 |  1163 |
|  49.0 <>  49.5 |      7 |   540 |
|  49.5 <>  50.0 |      4 |  1334 |
|  50.0 <>  50.5 |      4 |  1761 |
|  50.5 <>  51.0 |     10 |   910 |
|  51.0 <>  51.5 |      8 |   786 |
|  51.5 <>  52.0 |      0 |     0 |
|  52.0 <>  52.5 |     10 |  1255 |
|  52.5 <>  53.0 |      5 |   356 |
|  53.0 <>  53.5 |      5 |  1797 |
|  53.5 <>  54.0 |      5 |   380 |
|  54.0 <>  54.5 |      3 |  1291 |
|  54.5 <>  55.0 |     13 |  7085 |
|  55.0 <>  55.5 |      4 |   260 |
|  55.5 <>  56.0 |      8 |   793 |
|  56.0 <>  56.5 |      1 |    76 |
|  56.5 <>  57.0 |     15 | 16605 |
|  57.0 <>  57.5 |      0 |     0 |
|  57.5 <>  58.0 |      9 |  7241 |
|  58.0 <>  58.5 |      7 |   516 |
|  58.5 <>  59.0 |      0 |     0 |
|  59.0 <>  59.5 |      1 |    68 |
|  59.5 <>  60.0 |      2 |  1144 |
|  60.0 <>  60.5 |      2 |  1234 |
|  60.5 <>  61.0 |     12 |  1936 |
|  61.0 <>  61.5 |     12 |  1016 |
|  61.5 <>  62.0 |      8 |   576 |
|  62.0 <>  62.5 |     19 |  1374 |
|  62.5 <>  63.0 |      1 |    68 |
|  63.0 <>  63.5 |      3 |  3595 |
|  63.5 <>  64.0 |      4 |  3421 |
|  64.0 <>  64.5 |      2 |   144 |
|  64.5 <>  65.0 |      6 |  3627 |
|  65.0 <>  65.5 |      0 |     0 |
|  65.5 <>  66.0 |      4 |  3219 |
|  66.0 <>  66.5 |      2 |  1504 |
|  66.5 <>  67.0 |     10 |  7657 |
|  67.0 <>  67.5 |     30 | 10671 |
|  67.5 <>  68.0 |     24 |  2763 |
|  68.0 <>  68.5 |     14 |  1586 |
|  68.5 <>  69.0 |     11 |  9187 |
|  69.0 <>  69.5 |      0 |     0 |
|  69.5 <>  70.0 |      0 |     0 |
|  70.0 <>  70.5 |     10 |  1448 |
|  70.5 <>  71.0 |      0 |     0 |
|  71.0 <>  71.5 |      0 |     0 |
|  71.5 <>  72.0 |      1 |    76 |
|  72.0 <>  72.5 |      0 |     0 |
|  72.5 <>  73.0 |      0 |     0 |
|  73.0 <>  73.5 |      0 |     0 |
|  73.5 <>  74.0 |      3 |   204 |
|  74.0 <>  74.5 |      0 |     0 |
|  74.5 <>  75.0 |      2 |   912 |
|  75.0 <>  75.5 |     11 |  1714 |
|  75.5 <>  76.0 |      5 |   694 |
|  76.0 <>  76.5 |      2 |   296 |
|  76.5 <>  77.0 |      4 |  5744 |
|  77.0 <>  77.5 |      3 |  2531 |
|  77.5 <>  78.0 |      0 |     0 |
|  78.0 <>  78.5 |      0 |     0 |
|  78.5 <>  79.0 |      0 |     0 |
|  79.0 <>  79.5 |      0 |     0 |
|  79.5 <>  80.0 |      0 |     0 |
|  80.0 <>  80.5 |      0 |     0 |
|  80.5 <>  81.0 |      0 |     0 |
|  81.0 <>  81.5 |      0 |     0 |
|  81.5 <>  82.0 |      0 |     0 |
|  82.0 <>  82.5 |      1 |   615 |
|  82.5 <>  83.0 |      0 |     0 |
|  83.0 <>  83.5 |      0 |     0 |
|  83.5 <>  84.0 |      1 |  1436 |
|  84.0 <>  84.5 |      1 |   424 |
|  84.5 <>  85.0 |      0 |     0 |
|  85.0 <>  85.5 |      0 |     0 |
|  85.5 <>  86.0 |      0 |     0 |
|  86.0 <>  86.5 |      0 |     0 |
|  86.5 <>  87.0 |      0 |     0 |
|  87.0 <>  87.5 |      1 |   615 |
|  87.5 <>  88.0 |      0 |     0 |
|  88.0 <>  88.5 |      0 |     0 |
|  88.5 <>  89.0 |      0 |     0 |
|  89.0 <>  89.5 |      0 |     0 |
|  89.5 <>  90.0 |      0 |     0 |
|  90.0 <>  90.5 |      0 |     0 |
|  90.5 <>  91.0 |      0 |     0 |
|  91.0 <>  91.5 |      0 |     0 |
|  91.5 <>  92.0 |      0 |     0 |
|  92.0 <>  92.5 |      1 |   615 |
|  92.5 <>  93.0 |      0 |     0 |
|  93.0 <>  93.5 |      0 |     0 |
|  93.5 <>  94.0 |      0 |     0 |
|  94.0 <>  94.5 |      0 |     0 |
|  94.5 <>  95.0 |      0 |     0 |
|  95.0 <>  95.5 |      0 |     0 |
|  95.5 <>  96.0 |      4 |  1100 |
|  96.0 <>  96.5 |      0 |     0 |
|  96.5 <>  97.0 |      0 |     0 |
|  97.0 <>  97.5 |      0 |     0 |
|  97.5 <>  98.0 |      0 |     0 |
|  98.0 <>  98.5 |      2 |  1860 |
|  98.5 <>  99.0 |      0 |     0 |
|  99.0 <>  99.5 |      0 |     0 |
|  99.5 <> 100.0 |      1 |   482 |
| 100.0 <> 100.5 |      0 |     0 |
| 100.5 <> 101.0 |      0 |     0 |
| 101.0 <> 101.5 |      0 |     0 |
| 101.5 <> 102.0 |      1 |   482 |
| 102.0 <> 102.5 |      1 |   615 |
| 102.5 <> 103.0 |      0 |     0 |
| 103.0 <> 103.5 |      0 |     0 |
| 103.5 <> 104.0 |      0 |     0 |
| 104.0 <> 104.5 |      0 |     0 |
| 104.5 <> 105.0 |      1 |    68 |
| 105.0 <> 105.5 |      2 |   136 |
| 105.5 <> 106.0 |      0 |     0 |
| 106.0 <> 106.5 |      0 |     0 |
| 106.5 <> 107.0 |      0 |     0 |
| 107.0 <> 107.5 |      1 |   482 |
| 107.5 <> 108.0 |      0 |     0 |
| 108.0 <> 108.5 |      0 |     0 |
| 108.5 <> 109.0 |      0 |     0 |
| 109.0 <> 109.5 |      0 |     0 |
| 109.5 <> 110.0 |      0 |     0 |
| 110.0 <> 110.5 |      0 |     0 |
| 110.5 <> 111.0 |      0 |     0 |
| 111.0 <> 111.5 |      0 |     0 |
| 111.5 <> 112.0 |      0 |     0 |
| 112.0 <> 112.5 |      1 |   615 |
| 112.5 <> 113.0 |      0 |     0 |
| 113.0 <> 113.5 |      0 |     0 |
| 113.5 <> 114.0 |      1 |   482 |
| 114.0 <> 114.5 |      0 |     0 |
| 114.5 <> 115.0 |      0 |     0 |
| 115.0 <> 115.5 |      0 |     0 |
| 115.5 <> 116.0 |      0 |     0 |
| 116.0 <> 116.5 |      0 |     0 |
| 116.5 <> 117.0 |      0 |     0 |
| 117.0 <> 117.5 |      0 |     0 |
| 117.5 <> 118.0 |      0 |     0 |
| 118.0 <> 118.5 |      0 |     0 |
| 118.5 <> 119.0 |      0 |     0 |
| 119.0 <> 119.5 |      0 |     0 |
| 119.5 <> 120.0 |      0 |     0 |
| 120.0 <> 120.5 |      0 |     0 |
| 120.5 <> 121.0 |      0 |     0 |
| 121.0 <> 121.5 |      0 |     0 |
| 121.5 <> 122.0 |      0 |     0 |
| 122.0 <> 122.5 |      1 |   615 |
| 122.5 <> 123.0 |      0 |     0 |
| 123.0 <> 123.5 |      1 |   482 |
| 123.5 <> 124.0 |      0 |     0 |
| 124.0 <> 124.5 |      0 |     0 |
| 124.5 <> 125.0 |      1 |    68 |
| 125.0 <> 125.5 |      2 |   136 |
| 125.5 <> 126.0 |      0 |     0 |
| 126.0 <> 126.5 |      1 |  1436 |
| 126.5 <> 127.0 |      1 |   424 |
| 127.0 <> 127.5 |      0 |     0 |
| 127.5 <> 128.0 |      0 |     0 |
| 128.0 <> 128.5 |      0 |     0 |
| 128.5 <> 129.0 |      0 |     0 |
| 129.0 <> 129.5 |      0 |     0 |
| 129.5 <> 130.0 |      0 |     0 |
| 130.0 <> 130.5 |      0 |     0 |
| 130.5 <> 131.0 |      0 |     0 |
| 131.0 <> 131.5 |      0 |     0 |
| 131.5 <> 132.0 |      0 |     0 |
| 132.0 <> 132.5 |      1 |   615 |
| 132.5 <> 133.1 |      0 | 571230650368 |
===================================
