
0
0
0

1
2
0
1
1
1
2
2
0
0
0
0
0
0
1
1
1
1
1
1
1
1
1
2
3
4
5
6
1
1
1
1
1
1
1
1
1
1
1
1
1
1
1
1
1
1
2
2
2
2
2
2
2
2
2
3
3
3
4
4
4
5
5
5
6
6
6
1
1
1
1
1
1
1
1
1
1
1
1
2
2
2
2
2
2
2
2
2
2
2
2
3
3
5
5
4
3
3
3
3
3
3
3
3
3
4
4
4
4
6
6
5
5
5
6
6
6
1
1
1
1
1
1
1
1
1
1
3
3
1
1
1
1

1
1
1
1
1
1
1
1



3



6

5

1
1
7

8


9
10
11
12
13

14
15
16


3
3
17
18
3
3
3
3
3
3
3
3

19
6
6
6
6
6
6
6
6
6
6
5
5
5
5
5
5
5
5
5
5
8
8
9
9
10
10
8
7
7
8
8
9
10
7
12
12
11
11
13
13
15
15
14
14
14
16
16
17
17
18
18
17
18
19
19
19
6
6
6
6
6
6
6
6
6
6
6
6
6
6
6
6
6
6
6
6
5
5
5
5
5
5
5
5
5
5
5
5
19
19
5
5
5
5
5
5
5
5
8
8
8
8
8
8
9
9
9
9
9
9
9
9
9
2
9
9
9
9
9
9
9
9
9
9
11
11
10
10
10
13
13
7
7
7
7
7
7
7
7
7
7
7
7
7
7
7
7
7
7
7
7
7

14
14
14
14
17
17
17
17
18
18
18
18
19
6
6
6
6
19
19
19
19
9
9
6
6
6
6
6
6
6
6
6
6
6
6
6
6
6
6
5
5
5
5
5
5
5
5
5
5
5
5
5
5
5
5
5
5
5
8
5
8
8
8
2
2
7
7
7
7

20
14
4
1
7
20
20
20
1
1
4
4
20
20
20
20
20
20
20
20
20
20
20
20
20
20
20
20
20
20
20
20
20
20
20
7
7
20
20
20
20
20
20
20
20
20
20
16
12
15
3
11
13

10
9

5
6
21
22
23
24
25
26
27
28
29
30
31
32
33
34
35
36

37
12
12
15
15
3
3
16
16
13
13
11
11

38
10
10
39
9
9
40
5
5
5
5
5
21
21
6
6
21
6
22
22
23
23
24
24
22
23
24
26
26
25
25
26
25
27
27
28
28
29
29
27
28
29
30
30
30
31
31
31
32
32
32
33
33
34
34
33
34
36
36
35
35
36
35
37
37
37
37
39
39
38
38
38
40
40
5
5
5
21
21
21
21
21
21
21
21
21
37
37
39
39
40
40
6
6
6
6
38
38
6
22
22
22
22
22
22
22
23
23
23
23
23
23
23
23
23
24
24
24
24
24
24
24
24
24
26
26
26
26
26
26
26
21
21
21
21
21
21
21
21
21
21
21
21
25
25
25
25
25
25
25
25
25
19
8
17
18
20
7
27
27
27
28
28
28
28
28
29
29
29
30
30
30
31
31
31
31
31
31
31
32
32
32
32
32
32
32
32
32
33
33
33
33
33
33
33
33
33
34
34
34
34
34
34
34
34
34
36
36
36
36
36
36
36
36
36
41
35
35
35
35
35
35
35
35
35
7
37
37
19
19
38
38
38
38
38
8
8
38
34
34
34
34
17
17
17
18
18
18
20
20
36
36
36
36
36
36
7
7
7
41
37
37
37
37
37
37
38
38
38
39
40
5
6
22
23
24
26
21

36
25
38
42
43

39
39
39
23
23
22
22
6
6
5
5
24
24
44
40
40
21
21
26
26
27
45
46

36
36
36
36
34
35
33
32
31
36
36
36
36
36
36
36
36
36
36
36
36
25
25
47
44
44
44
38
38
38
42
42
42

43
43
43

48
27
27
45
45
45
36
36
36
36
46
46
46
34
34
49
35
35
33
33
33
33
32
32
47
47
31
31
44
44
44
44
44

50
28
29
30


42
42
42
42
43
43
43
43

48
48
48
48
48
45
45
45
45

51
52

29
29
28
28
30
30
53
54
55
56
57
58
59
60
61
62
46
46
46
46
50
50

50
63
64
49
49
65
66
67
38
68
52
52
51
51
48
54
54
53
53
48
48
48
48
52
51
57
57
55
55
56
56
54
53
57
55
56
59
59
58
58
60
60
59
58
60
50
50
61
61
62
62
61
62
63
63
63
50
50
50
50
50
50
50
50
50
50
50
50
50
64
64
65
65
66
66
67
67
68
68
64
65
38
65
65
68
68
38
48
48
48
48

52
41
51
52
52
50
54
54
54
67
67
51
51
37
69
64
64
53
53
53
53
53
53
53
53
53
57
57
57
57
57
57
57
55
55
55
56
56
56
56
56
56
56
59
59
59
59
59
59
59
58
58
58
58
58
60
60
60
60
60
60
60
60
60
61
61
61
61
61
53
53
62
62
62
62
62
63
63
63
63
63
63
63
63
63

70
64
65
64
64
64
64
64
64
64
64
65
65
65
65
65
65
65
65
48
41
37
37
50
50
50
50
50
50
50
69
69
63
63
63
63
63
63
63
63
64
64
64
64
64
64
64
64
70
70
64
64
70
70
64
64
64
64
64
64
65
65
65
65
65
65
70
70
50
64
64
64
64
50
64
64
64
64
70
70
70
70
70
70
70
70
70
70
70
70
70
70
70
70
70
70
70
70
70
70
70
70
70
70
70
70
70
70
70
70
70
70
70
70
70
70
70
70
70
70
70
70
70
70
70
70
70
70
70
70
70
70
70
70
70
70
70
70
70
70
70
70
70
70
70
70
70
70
70
70
70
70
70
70
67
52
51
68
49
66
54
47
44
42
43
45
46
36
34
35
33
32
31
44
44
47
47
67
51
51
67
67
52
52
68
68
66
66
54
54
34
34
36
36
35
35
33
33
32
32
42
42
42
43
43
43
45
45
45
57
55
71
72
49
31
31
46
46
46

73
62
74
75
56
59

55
55
57
57
76
77
78
71
71
72
72
71
72
73
73
73
62
62
62
62
75
75
74
74
75
74
59
59
56
56
79
58
60
61
53
80
81
82
83
84
78
78
78
76
76
76
77
77
77
71
71
71
71
85
50
70
70
86
87
88
89
90
91

72
72
72
72
72
72
62
92
93
94
95
96
97
98
99
100
101
73
73
73
73
73
102
64
103
75
75
75
75
75
75
63
69
104
105
74
74
74
74
74
74
81
81
80
80
79
79
81
61
61
53
53
58
80
58
60
60
79
84
84
84
82
82
83
83
65
106
78
78
78
78
78
78
107
76
76
76
76
108
77
77
77
77
71
71
71
71
71
71
71
71
109
110
85
85
85
50
50
50
50
50
50
50
50
50
50
111
70
70
70
70
70
70
70
70
70
70
70
70
70
70
70
70
70
70
70
70
70
70
70
70
70
70
70
70
70
87
87
86
86
88
88

90
90
89
89
91
91
87
86
88
112
70
72
72
72
77
77
77
77
77
77
72

62
62
92
92
93
93
94
94
95
95
96
96
62
92
93
94
95
96
98
98
97
97
98
97
41
100
100
99
99
100
99
101
101
70
70
90
73
73
73
89
91
102
102
102
103
103
103
64
64
64
64
64
64
64
64
64
64
64
64
64
64
64
64
64
64
64
64
75
75
63
63
69
69
70
70
70
70
104
104
104
105
105
74
74
74
81
81
81
65
80
80
80
80
80
79
79
79
71
71
83
76
82
84
65
65
84
84
84
84
106
106
78
106
108
108
78
107
107
110
110
109
109
109
71
71
71
71
85
85
85
85
85
111
111
50
113
87
87
87
86
86
86
86
86
75
75
88
88
88
112
112
112
114
72
72
72

115
62
62
62
62
92
92
92
92
92
92
92
92
92
93
93
93
93
93
93
93
94
94
94
94
94
95
95
95
95
95
96
96
96
96
96
96
96
98
98
98
98
98
98
98
97
97
97
97
97
100
100
100
100
100
100
100
100
100
92
92
92
92
92
92
92
92
92
92
92
92
92
92
92
92
41
99
99
99
99
99
99
99
99
99
90
90
90
90
90
89
89
89
91
91
91
91
91
91
91
91
91
102
102
102
102
102
102
102
103
103
103
103
103
103
103
103
103
100
100
100
100
100
100
100
100
100
100
100
100
100
100
100
100
92
92
92
92
92
92
92
92
92
92
92
92
92
92
92
92
92
92
92
92
92
92
99
99
99
99
92
92
92
92
75
75
75
75
65
64
70
101
77
73
105
74
81
80
79
75
99
99
99
99
99
99
104
104
104
104
104
99
99
99
99
99
99
104
76
83
76
76
83
82
82
109
109
109
106
106
106
113
113
50
50
113
84

89
112
91
91
91
91
91
91
91
91
112
112
112
112
112
112
91
91
91
91
91
91
91
91
103
103
103
103
103
103
103
103
103
103
100
100
100
100
103
103
103
103
100
100
100
100
100
100
100
100
100
100
100
100
100
100
100
100
100
100
100
114
114
100
99
99
99
99
64
64
105
105
70
70
101
101
74
74
108
107
78
110
71
112
81
81
79
79
80
80
77
77
77
73
73
73
99
99
99
99
99
99
99
99
99
99
99
99
75
75
75
75
104
104
104
104
104
104

115
115
84
84
115
116
117
118
119
113
106
113
113
113
113
113
113
113
113
113
113
113
113
113
113
113
113
113
113
113
113
91
91
89
89
89
89
89
89
89
89
89
89
108
108
71
71
110
110
78
78
107
112
112
112
112
112
112
112
112
112
112
112
112
117
117
116
116
118
118
117
119
119
116
118
119
113
113
113
113
113
113
113
113
89
89
89
89
89
89
89
89
89
89
89
89
89
89
89
89
89
89
89
89
112
112
112
112
112
112
112
112
112
112
112
112
112
112
112
112
112
112
112
112
112
112
112
117
112
117
117
117
117
85
62
111
87
86
88
72
120
116
116
116
116
116
93
121
122
118
118
118
118
118
115
115
119
123
94

119
119
119
119
89
89
89
89
89
89
89
89
89
89
112
112
112
112
112
112
112
112
112
112
112
112
112
112
112
112
112
112
112
112
112
112
112
112
112
112
112
112
112
62
62
85
85
111
111
87
87
88
88
72
72
86
86
120
120

120
93
124
93
121
125
121
122
122
121
122
94
94
123
123
123
112
112
112
112
112
112
112
112
112
112
112
112
112
112
112
112
112
112
112
112
112
112
112
112
126
112
112
112
112
112
120
124
124
124
125
125
95
96
98
97
90
112
127
123
123
102
92
120
120
120
120
124
126
126
95
95
124
124
124
124
121
123
122
102
102
92
92
123
123
123
123
120
120
121
121
122
122
122
122
103
100
99
114
109
75
113
99
99
103
103
100
100
75
75
109
109
114
114
114
113
113
113
113
113
113
113
113
113
113
113
113
113
113
113
113
113
113
113
113
113
113
104
91
122
113
113
113
113
91
91
104
104
122
122
122
122
122
117
116
118
113
115
89
117
117
116
116
118
118
119

113
113
113
113
113
113
113
128
113
113
113
113
113
113
113
113
113
113
113
113
113

89
113
89
89
129
89
89
89
89
119
89
119
89
128
128
128
129
129
129
115
115
115
129
129
129
129
129
129
129
129
129
129
129
128
128
128
128
125
130
131
132

125
125
131
131
131

128
133
130
130
130
132
132
132
131
131
131
131
131
131
131
130
130
130
130
134
132
132
132
132
135
135
135
135
132
133
133
133
135
135
135
135
135
134
134
89
136
126

120
123
121
124

137



138
139
126
126
136
136
136
89
89
89
133
133
133
133
133
137
137
137



140
141
142
124
124
138
138
139
139
138
123
123
120
120
121
121

135
0
127
143
136
136
136
144
145
146
136
89
137
137
137
137
137
141
141
141
140
140
140

142
142
142
89

147
138
138
138
138
138
135
135
127
127
144
144
0
0
127
145
145
146
146
140
140
143
133
136
136
136
141
141
141

148
122

140
140
140
140
140
140
140
140
140
142
142
142
142
142
142
142
142
142
147
147
147
127
127
127
127
127
127
127
127
127
148
148

149
148
150
140
140
140
140
122
122
140
140
140
140
140
140
140
140
140
140
140
140
142
142
142
142
142
142
142
142
142
142
142
142
142
142
142
142
127
127
127
127
149
149
148
148
148
149
148
148
147
150
150
140
140
140
140
140
140
140
140
140
140
140
140
140
140
140
140
140
140
140
140
140
140
140
140
142
142
142
142
142
142
142
142
142
142
142
142
142
142
142
142
149
149
149
149
149
149
149
149
149
140
140
140
140
140
140
140
140
140
140
140
140
140
140
140
140
140
140
140
140
140
140
140
140
140
140
140
140
131
129
113
142
140
140
140
149
149
140
147
147
147
147
147
147
147
147
147
147
147
147
147
147
131
131
129
129
130

113
113
142
142
142
142
142
142
142
142
142
142
142
142
142
142
142
142
142
142

142
151
130
130
130
142
142
142
142
142
142
142
142
142
142
142
152
151
151
151
139
134


153
152
152
152

154

139
139
155
41
154
154
154


41


156
157
158
154
154
154
156
156
134
134
157
157
156
157
151
151
151
151
151
151
151
151
151
153
153
155
155
155
152
152
152
156
156
156
156
156
156
157
157
157
157
157
157
157
157
157
156
156
157
157
157
157
157
157
157
157
158
158
156
90
156
156
156
156
156
156
156
156
155
155
155
155
155
155
155
155
151
151
151
151
151
151
151
151
151
151
151
151
151
151
90
90
112
156
156
156
156
156
156
156
156
112
112
96
155
98
97
96
96
155
151
151
151
151
151
151
151
151
151
151
151
151
151
151
151
151
151
151
151
151
151
151
151
151
151
151
151
97
97
98
98
151
135
127
144
140
148
150
149
146
89
138
136
147
145
141
137
148
148
155
135
135
127
127
144
144
155
155
137
137
149
155
149
150
150
140
140
138
138
136
136
89
89
146
146
141
141
145
145
151
151
151
151
151
151
151
151
151
151
147
147
147
151
151
151
151
151
151
151
151
151
142
159

160
142
142

159
159
161
159
160
160
160
162
161
161
161
155
161
161
159
159
159
159
159
162
162
161
161
161
161
161
161
161
160
160
160
160
160
160
160
160
160
155
160
155
160
156
160
160
156
156
156
156
160
112
153
152
151
154
158
157
162
161
159
155
38
112
112
162
162
157
157
161
161
159
159
154
154
160
160
160
160
160
38
38
158
158
155
155
153
153
153
154
154
152
152
151
151
154


163
164
163
163
163
165


166
165
165
165
164
164
166
166
166
165
165
165
165
165
166
166
166
166
166
166
166
166
166
166
166
163
163
163
163
163
166
166
166
166
166
166
166
166
166
166
166
166
166
166
166
166
165
167
168
169
170
171
172
173
174
175
176
177
178
179
180
181
182
183
184
185
186
187
166
169
169
167
167
169
168
168
165
165
167
168
165
165
185
185
186
186
184
184
170
170
172
172
176
176
175
175
171
171
173
173
174
174
187
187
177
177
178
178
180
180
181
181
179
179
185
186
184
170
165
183
183
182
182
172
176
175
171
173
174
187
177
166
166
166
166
178
180
181
179
183
182
166
166
166
166
163
169
169
169
169
169
169
169
169
167
167
167
167
167
167
168
168
168
168
168
168
185
186
186
186
186
186
186
186
186
186
186
186
185
185
185
185
185
185
185
185
184
184
184
184
184
184
184
184
184
184
184
170
170
170
170
170
170
170
170
165
165
165
172
172
172
172
172
172
172
186
186
186
186
186
186
176
176
176
176
176
176
176
175
175
175
175
175
175
175
186
186
186
186
186
186
186
186
171
171
171
171
171
184
184
184
184
184
184
184
184
184
184
184
184
173
173
173
173
173
173
173
164
164
174
174
174
174
174
174
174
187
187
187
187
187
187
187
187
187
187
187
177
177
177
177
177
177
177
178
178
178
178
178
180
180
180
180
180
180
180
180
180
181
181
181
181
181
181
181
181
181
179
179
179
179
179
183
164
183
183
183
183
182
182
182
182
182
182
182
182
182
169
169
169
181
181
181
181
167
167
167
167
167
167
167
181
181
181
181
181
181
181
181
181
181
181
181
167
168
168
168
168
170
170
170
170
168
182
182
182
182
182
182
182
182
182
182
182
182
182
182
182
182
167
167
170
182
182
182
182
182
182
164
166
185
186
184
187
165
172
176
175
171
173
174
177
178
180
179
166
166
185
185
186
186
184
184
187
187
165
165
172
172
176
176
175
175
171
171
173
173
174
174
177
177
178
178
180
180
179
179
183
169
181
168
170
167
182
188
189
190
191
192
183
183
169
169
181
181
168
168
170
170
167
167
182
182
188
188
188
188
188
188
188
