
===================================
| IO Statistics                   |
|                                 |
| Interval size: 0.5 secs         |
| Col 1: Frames and bytes         |
|---------------------------------|
|                |1               |
| Interval
| Interval       | Frames | Bytes |
|---------------------------------|
|   0.0 <>   0.5 |     14 |  2305 |
|   0.5 <>   1.0 |     33 | 12219 |
|   1.0 <>   1.5 |     46 | 14555 |
|   1.5 <>   2.0 |     49 | 20475 |
|   2.0 <>   2.5 |     41 | 19347 |
|   2.5 <>   3.0 |     40 | 21243 |
|   3.0 <>   3.5 |     55 | 34134 |
|   3.5 <>   4.0 |     57 | 34181 |
|   4.0 <>   4.5 |      7 |   476 |
|   4.5 <>   5.0 |     14 |   952 |
|   5.0 <>   5.5 |      0 |     0 |
|   5.5 <>   6.0 |      0 |     0 |
|   6.0 <>   6.5 |      8 |   541 |
|   6.5 <>   7.0 |     68 | 29975 |
|   7.0 <>   7.5 |     42 | 30216 |
|   7.5 <>   8.0 |     44 | 31720 |
|   8.0 <>   8.5 |     45 | 32011 |
|   8.5 <>   9.0 |     42 | 30701 |
|   9.0 <>   9.5 |     44 | 27684 |
|   9.5 <>  10.0 |      0 |     0 |
|  10.0 <>  10.5 |      3 |   204 |
|  10.5 <>  11.0 |      0 |     0 |
|  11.0 <>  11.5 |      0 |     0 |
|  11.5 <>  12.0 |      0 |     0 |
|  12.0 <>  12.5 |      6 |   408 |
|  12.5 <>  13.0 |      0 |     0 |
|  13.0 <>  13.5 |      3 |   243 |
|  13.5 <>  14.0 |     14 |   952 |
|  14.0 <>  14.5 |     24 |  6373 |
|  14.5 <>  15.0 |     18 |  7799 |
|  15.0 <>  15.5 |     10 |  1187 |
|  15.5 <>  16.0 |      7 |   865 |
|  16.0 <>  16.5 |      6 |   825 |
|  16.5 <>  17.0 |     10 |  5016 |
|  17.0 <>  17.5 |      8 |  3441 |
|  17.5 <>  18.0 |      2 |   136 |
|  18.0 <>  18.5 |     11 |  6407 |
|  18.5 <>  19.0 |      0 |     0 |
|  19.0 <>  19.5 |      0 |     0 |
|  19.5 <>  20.0 |      0 |     0 |
|  20.0 <>  20.5 |      0 |     0 |
|  20.5 <>  21.0 |      0 |     0 |
|  21.0 <>  21.5 |      0 |     0 |
|  21.5 <>  22.0 |      0 |     0 |
|  22.0 <>  22.5 |      0 |     0 |
|  22.5 <>  23.0 |      0 |     0 |
|  23.0 <>  23.5 |      0 |     0 |
|  23.5 <>  24.0 |      0 |     0 |
|  24.0 <>  24.5 |      0 |     0 |
|  24.5 <>  25.0 |      0 |     0 |
|  25.0 <>  25.5 |      0 |     0 |
|  25.5 <>  26.0 |      0 |     0 |
|  26.0 <>  26.5 |      0 |     0 |
|  26.5 <>  27.0 |      0 |     0 |
|  27.0 <>  27.5 |      0 |     0 |
|  27.5 <>  28.0 |      0 |     0 |
|  28.0 <>  28.5 |      0 |     0 |
|  28.5 <>  29.0 |      0 |     0 |
|  29.0 <>  29.5 |      0 |     0 |
|  29.5 <>  30.0 |      0 |     0 |
|  30.0 <>  30.5 |      0 |     0 |
|  30.5 <>  31.0 |      0 |     0 |
|  31.0 <>  31.5 |      0 |     0 |
|  31.5 <>  32.0 |      1 |    76 |
|  32.0 <>  32.5 |      0 |     0 |
|  32.5 <>  33.0 |      0 |     0 |
|  33.0 <>  33.5 |      0 |     0 |
|  33.5 <>  34.0 |      0 |     0 |
|  34.0 <>  34.5 |      0 |     0 |
|  34.5 <>  35.0 |      4 |   431 |
|  35.0 <>  35.5 |      0 |     0 |
|  35.5 <>  36.0 |      0 |     0 |
|  36.0 <>  36.5 |      0 |     0 |
|  36.5 <>  37.0 |      9 |  1228 |
|  37.0 <>  37.5 |      4 |   799 |
|  37.5 <>  38.0 |     25 |  2830 |
|  38.0 <>  38.5 |     40 | 15094 |
|  38.5 <>  39.0 |      9 |  2741 |
|  39.0 <>  39.5 |     12 |  3562 |
|  39.5 <>  40.0 |      0 |     0 |
|  40.0 <>  40.5 |     17 |  9804 |
|  40.5 <>  41.0 |      5 |   340 |
|  41.0 <>  41.5 |     16 |  8787 |
|  41.5 <>  42.0 |     10 |   680 |
|  42.0 <>  42.5 |     12 |  2130 |
|  42.5 <>  43.0 |     51 | 29014 |
|  43.0 <>  43.5 |     71 | 38627 |
|  43.5 <>  44.0 |     66 | 33790 |
|  44.0 <>  44.5 |     61 | 42511 |
|  44.5 <>  45.0 |     45 | 32455 |
|  45.0 <>  45.5 |     67 | 32674 |
|  45.5 <>  46.0 |     61 | 28982 |
|  46.0 <>  46.5 |     18 |  1600 |
|  46.5 <>  47.0 |      7 |  2634 |
|  47.0 <>  47.5 |      1 |   956 |
|  47.5 <>  48.0 |      4 |  1637 |
|  48.0 <>  48.5 |      8 |   557 |
|  48.5 <>  49.0 |     37 | 13986 |
|  49.0 <>  49.5 |     38 | 25492 |
|  49.5 <>  50.0 |     24 | 15177 |
|  50.0 <>  50.5 |     28 | 18776 |
|  50.5 <>  51.0 |     21 |  8188 |
|  51.0 <>  51.5 |     95 | 30349 |
|  51.5 <>  52.0 |     61 | 34246 |
|  52.0 <>  52.5 |     61 | 32977 |
|  52.5 <>  53.0 |     50 | 30766 |
|  53.0 <>  53.5 |     53 | 33747 |
|  53.5 <>  54.0 |     28 | 10138 |
|  54.0 <>  54.5 |      1 |   441 |
|  54.5 <>  55.0 |      4 |  1044 |
|  55.0 <>  55.5 |     49 |  3406 |
|  55.5 <>  56.0 |     14 |   952 |
|  56.0 <>  56.5 |      0 |     0 |
|  56.5 <>  57.0 |      0 |     0 |
|  57.0 <>  57.5 |      2 |   136 |
|  57.5 <>  58.0 |      3 |   435 |
|  58.0 <>  58.5 |     25 |  7119 |
|  58.5 <>  59.0 |     83 | 34021 |
|  59.0 <>  59.5 |     66 | 30086 |
|  59.5 <>  60.0 |     60 | 30711 |
|  60.0 <>  60.5 |     81 | 45720 |
|  60.5 <>  61.0 |     62 | 32394 |
|  61.0 <>  61.5 |     62 | 34021 |
|  61.5 <>  62.0 |     28 | 19157 |
|  62.0 <>  62.5 |     19 |  1775 |
|  62.5 <>  63.0 |     31 |  2805 |
|  63.0 <>  63.5 |      8 |  2579 |
|  63.5 <>  64.0 |      6 |  1380 |
|  64.0 <>  64.5 |     46 | 18202 |
|  64.5 <>  65.0 |     70 | 26653 |
|  65.0 <>  65.5 |     21 |  5074 |
|  65.5 <>  66.0 |     22 |  7210 |
|  66.0 <>  66.5 |      8 |  3631 |
|  66.5 <>  67.0 |     19 |  5369 |
|  67.0 <>  67.5 |     37 | 16339 |
|  67.5 <>  68.0 |     22 |  6810 |
|  68.0 <>  68.5 |     25 |  9131 |
|  68.5 <>  69.0 |      6 |  1064 |
|  69.0 <>  69.5 |     74 | 33974 |
|  69.5 <>  70.0 |     62 | 35773 |
|  70.0 <>  70.5 |     51 | 31367 |
|  70.5 <>  71.0 |     42 | 30690 |
|  71.0 <>  71.5 |     70 | 36952 |
|  71.5 <>  72.0 |     37 | 20735 |
|  72.0 <>  72.5 |     68 | 33462 |
|  72.5 <>  73.0 |     57 | 24409 |
|  73.0 <>  73.5 |     70 | 38834 |
|  73.5 <>  74.0 |     47 | 22228 |
|  74.0 <>  74.5 |     57 | 22961 |
|  74.5 <>  75.0 |     41 | 28780 |
|  75.0 <>  75.5 |     59 | 34285 |
|  75.5 <>  76.0 |     49 | 19272 |
|  76.0 <>  76.5 |     36 | 29757 |
|  76.5 <>  77.0 |     34 |  4097 |
|  77.0 <>  77.5 |     26 |  9983 |
|  77.5 <>  78.0 |     19 | 13003 |
|  78.0 <>  78.5 |      1 |   654 |
|  78.5 <>  79.0 |     22 |  2005 |
|  79.0 <>  79.5 |      3 |   241 |
|  79.5 <>  80.0 |      7 |   516 |
|  80.0 <>  80.5 |      0 |     0 |
|  80.5 <>  81.0 |      4 |   272 |
|  81.0 <>  81.5 |     13 |  3167 |
|  81.5 <>  82.0 |      0 |     0 |
|  82.0 <>  82.5 |      0 |     0 |
|  82.5 <>  83.0 |      0 |     0 |
|  83.0 <>  83.5 |      1 |    68 |
|  83.5 <>  84.0 |      2 |   136 |
|  84.0 <>  84.5 |      0 |     0 |
|  84.5 <>  85.0 |      0 |     0 |
|  85.0 <>  85.5 |      0 |     0 |
|  85.5 <>  86.0 |      0 |     0 |
|  86.0 <>  86.5 |      0 |     0 |
|  86.5 <>  87.0 |      0 |     0 |
|  87.0 <>  87.5 |      0 |     0 |
|  87.5 <>  88.0 |      0 |     0 |
|  88.0 <>  88.5 |      0 |     0 |
|  88.5 <>  89.0 |      0 |     0 |
|  89.0 <>  89.5 |      0 |     0 |
|  89.5 <>  90.0 |      0 |     0 |
|  90.0 <>  90.5 |      0 |     0 |
|  90.5 <>  91.0 |      0 |     0 |
|  91.0 <>  91.5 |      0 |     0 |
|  91.5 <>  92.0 |      0 |     0 |
|  92.0 <>  92.5 |      0 |     0 |
|  92.5 <>  93.0 |      0 |     0 |
|  93.0 <>  93.5 |      0 |     0 |
|  93.5 <>  94.0 |      2 |   152 |
|  94.0 <>  94.5 |      0 |     0 |
|  94.5 <>  95.0 |      0 |     0 |
|  95.0 <>  95.5 |      0 |     0 |
|  95.5 <>  96.0 |      0 |     0 |
|  96.0 <>  96.5 |      0 |     0 |
|  96.5 <>  97.0 |     10 |  2805 |
|  97.0 <>  97.5 |      0 |     0 |
|  97.5 <>  98.0 |      0 |     0 |
|  98.0 <>  98.5 |      0 |     0 |
|  98.5 <>  99.0 |      3 |   204 |
|  99.0 <>  99.5 |      0 |     0 |
|  99.5 <> 100.0 |      0 |     0 |
| 100.0 <> 100.5 |      0 |     0 |
| 100.5 <> 101.0 |      1 |    68 |
| 101.0 <> 101.5 |      2 |   136 |
| 101.5 <> 102.0 |      0 |     0 |
| 102.0 <> 102.5 |      0 |     0 |
| 102.5 <> 103.0 |      0 |     0 |
| 103.0 <> 103.5 |      0 |     0 |
| 103.5 <> 104.0 |      0 |     0 |
| 104.0 <> 104.5 |      0 |     0 |
| 104.5 <> 105.0 |      0 |     0 |
| 105.0 <> 105.5 |      1 |    76 |
| 105.5 <> 106.0 |      6 |  1044 |
| 106.0 <> 106.5 |      0 |     0 |
| 106.5 <> 107.0 |      0 |     0 |
| 107.0 <> 107.5 |      2 |   136 |
| 107.5 <> 108.0 |      2 |   124 |
| 108.0 <> 108.5 |      2 |   136 |
| 108.5 <> 109.0 |     17 |  3503 |
| 109.0 <> 109.5 |      1 |    68 |
| 109.5 <> 110.0 |      0 |     0 |
| 110.0 <> 110.5 |      0 |     0 |
| 110.5 <> 111.0 |      1 |    68 |
| 111.0 <> 111.5 |      2 |   136 |
| 111.5 <> 112.0 |      0 |     0 |
| 112.0 <> 112.5 |      0 |     0 |
| 112.5 <> 113.0 |      0 |     0 |
| 113.0 <> 113.5 |      0 |     0 |
| 113.5 <> 114.0 |      0 |     0 |
| 114.0 <> 114.5 |      0 |     0 |
| 114.5 <> 115.0 |      0 |     0 |
| 115.0 <> 115.5 |      0 |     0 |
| 115.5 <> 116.0 |      0 |     0 |
| 116.0 <> 116.5 |      0 |     0 |
| 116.5 <> 117.0 |      0 |     0 |
| 117.0 <> 117.5 |      0 |     0 |
| 117.5 <> 118.0 |      0 |     0 |
| 118.0 <> 118.5 |      0 |     0 |
| 118.5 <> 119.0 |      0 |     0 |
| 119.0 <> 119.5 |      0 |     0 |
| 119.5 <> 120.0 |      0 |     0 |
| 120.0 <> 120.5 |      0 |     0 |
| 120.5 <> 121.0 |      0 |     0 |
| 121.0 <> 121.5 |      2 |   165 |
| 121.5 <> 122.0 |      0 |     0 |
| 122.0 <> 122.5 |      0 |     0 |
| 122.5 <> 123.0 |      0 |     0 |
| 123.0 <> 123.5 |      0 |     0 |
| 123.5 <> 124.0 |      0 |     0 |
| 124.0 <> 124.5 |      1 |    76 |
| 124.5 <> 125.0 |      0 |     0 |
| 125.0 <> 125.5 |      0 |     0 |
| 125.5 <> 126.0 |      7 |   800 |
| 126.0 <> 126.5 |      9 |  2729 |
| 126.5 <> 127.0 |      0 |     0 |
| 127.0 <> 127.5 |      0 |     0 |
| 127.5 <> 128.0 |      0 |     0 |
| 128.0 <> 128.5 |      8 |   718 |
| 128.5 <> 129.0 |      0 |     0 |
| 129.0 <> 129.5 |      0 |     0 |
| 129.5 <> 130.0 |      1 |    77 |
| 130.0 <> 130.5 |      0 |     0 |
| 130.5 <> 131.0 |      0 |     0 |
| 131.0 <> 131.5 |      2 |   169 |
| 131.5 <> 132.0 |      0 |     0 |
| 132.0 <> 132.5 |      4 |  2223 |
| 132.5 <> 133.0 |      0 |     0 |
| 133.0 <> 133.5 |      4 |   659 |
| 133.5 <> 134.0 |      7 |   567 |
| 134.0 <> 134.5 |      4 |  2219 |
| 134.5 <> 135.0 |      2 |   136 |
| 135.0 <> 135.5 |     27 | 13614 |
| 135.5 <> 136.0 |     55 | 29764 |
| 136.0 <> 136.5 |     39 | 28154 |
| 136.5 <> 137.0 |     57 | 37946 |
| 137.0 <> 137.5 |     36 | 28756 |
| 137.5 <> 138.0 |     38 | 32128 |
| 138.0 <> 138.5 |     46 | 18656 |
| 138.5 <> 139.0 |     57 | 31400 |
| 139.0 <> 139.5 |     67 | 37020 |
| 139.5 <> 140.0 |     34 | 15554 |
| 140.0 <> 140.5 |     36 | 28461 |
| 140.5 <> 141.0 |     26 | 17185 |
| 141.0 <> 141.5 |     30 | 17414 |
| 141.5 <> 142.0 |     19 |  3687 |
| 142.0 <> 142.5 |     41 | 20442 |
| 142.5 <> 143.0 |     14 |  6653 |
| 143.0 <> 143.5 |      0 |     0 |
| 143.5 <> 144.0 |      0 |     0 |
| 144.0 <> 144.5 |      0 |     0 |
| 144.5 <> 145.0 |      8 |   544 |
| 145.0 <> 145.5 |     16 |  1088 |
| 145.5 <> 146.0 |      0 |     0 |
| 146.0 <> 146.5 |      0 |     0 |
| 146.5 <> 147.0 |      6 |   408 |
| 147.0 <> 147.5 |      0 |     0 |
| 147.5 <> 148.0 |      1 |    77 |
| 148.0 <> 148.5 |      2 |   312 |
| 148.5 <> 149.0 |      3 |  1480 |
| 149.0 <> 149.5 |      0 |     0 |
| 149.5 <> 150.0 |      1 |  1336 |
| 150.0 <> 150.5 |      1 |    68 |
| 150.5 <> 151.0 |      4 |   870 |
| 151.0 <> 151.5 |      3 |   521 |
| 151.5 <> 152.0 |      0 |     0 |
| 152.0 <> 152.5 |      0 |     0 |
| 152.5 <> 153.0 |      1 |    68 |
| 153.0 <> 153.5 |      0 |     0 |
| 153.5 <> 154.0 |      0 |     0 |
| 154.0 <> 154.5 |      0 |     0 |
| 154.5 <> 155.0 |      0 |     0 |
| 155.0 <> 155.5 |      2 |   136 |
| 155.5 <> 156.0 |      0 |     0 |
| 156.0 <> 156.5 |      0 |     0 |
| 156.5 <> 157.0 |      0 |     0 |
| 157.0 <> 157.5 |      0 |     0 |
| 157.5 <> 158.0 |      0 |     0 |
| 158.0 <> 158.5 |      0 |     0 |
| 158.5 <> 159.0 |      9 |   705 |
| 159.0 <> 159.5 |      0 |     0 |
| 159.5 <> 160.0 |      0 |     0 |
| 160.0 <> 160.5 |      0 |     0 |
| 160.5 <> 161.0 |      0 |     0 |
| 161.0 <> 161.5 |      0 |     0 |
| 161.5 <> 162.0 |      0 |     0 |
| 162.0 <> 162.5 |      0 |     0 |
| 162.5 <> 163.0 |      0 |     0 |
| 163.0 <> 163.5 |      0 |     0 |
| 163.5 <> 164.0 |      0 |     0 |
| 164.0 <> 164.5 |      0 |     0 |
| 164.5 <> 165.0 |      0 |     0 |
| 165.0 <> 165.5 |      3 |   231 |
| 165.5 <> 166.0 |      0 |     0 |
| 166.0 <> 166.5 |      4 |   299 |
| 166.5 <> 167.0 |      0 |     0 |
| 167.0 <> 167.5 |      0 |     0 |
| 167.5 <> 168.0 |      5 |   406 |
| 168.0 <> 168.5 |      0 |     0 |
| 168.5 <> 169.0 |      0 |     0 |
| 169.0 <> 169.5 |      0 |     0 |
| 169.5 <> 170.0 |      0 |     0 |
| 170.0 <> 170.5 |      0 |     0 |
| 170.5 <> 171.0 |      0 |     0 |
| 171.0 <> 171.5 |      0 |     0 |
| 171.5 <> 172.0 |      0 |     0 |
| 172.0 <> 172.5 |      0 |     0 |
| 172.5 <> 173.0 |      0 |     0 |
| 173.0 <> 173.5 |      0 |     0 |
| 173.5 <> 174.0 |      0 |     0 |
| 174.0 <> 174.5 |      0 |     0 |
| 174.5 <> 175.0 |      0 |     0 |
| 175.0 <> 175.5 |      0 |     0 |
| 175.5 <> 176.0 |      0 |     0 |
| 176.0 <> 176.5 |      0 |     0 |
| 176.5 <> 177.0 |      0 |     0 |
| 177.0 <> 177.5 |      0 |     0 |
| 177.5 <> 178.0 |      0 |     0 |
| 178.0 <> 178.5 |      0 |     0 |
| 178.5 <> 179.0 |      0 |     0 |
| 179.0 <> 179.5 |      0 |     0 |
| 179.5 <> 180.0 |      0 |     0 |
| 180.0 <> 180.5 |      1 |    76 |
| 180.5 <> 181.0 |      0 |     0 |
| 181.0 <> 181.5 |      0 |     0 |
| 181.5 <> 182.0 |      0 |     0 |
| 182.0 <> 182.5 |      0 |     0 |
| 182.5 <> 183.0 |      0 |     0 |
| 183.0 <> 183.5 |      4 |   431 |
| 183.5 <> 184.0 |      0 |     0 |
| 184.0 <> 184.5 |      0 |     0 |
| 184.5 <> 185.0 |      0 |     0 |
| 185.0 <> 185.5 |      2 |   310 |
| 185.5 <> 186.0 |      1 |    76 |
| 186.0 <> 186.5 |      2 |   144 |
| 186.5 <> 187.0 |      0 |     0 |
| 187.0 <> 187.5 |      0 |     0 |
| 187.5 <> 188.0 |     10 |  2577 |
| 188.0 <> 188.5 |      1 |    56 |
| 188.5 <> 189.0 |      8 |  4528 |
| 189.0 <> 189.5 |     32 | 19108 |
| 189.5 <> 190.0 |     63 | 33791 |
| 190.0 <> 190.5 |     54 | 33176 |
| 190.5 <> 191.0 |     57 | 33590 |
| 191.0 <> 191.5 |     37 | 29869 |
| 191.5 <> 192.0 |     50 | 34890 |
| 192.0 <> 192.5 |     31 | 29468 |
| 192.5 <> 193.0 |     41 | 24615 |
| 193.0 <> 193.5 |      5 |   772 |
| 193.5 <> 194.0 |     44 | 17026 |
| 194.0 <> 194.5 |     46 | 26610 |
| 194.5 <> 195.0 |     68 | 34452 |
| 195.0 <> 195.5 |    215 | 81075 |
| 195.5 <> 196.0 |     44 | 30801 |
| 196.0 <> 196.5 |     55 | 35330 |
| 196.5 <> 197.0 |     52 | 32636 |
| 197.0 <> 197.5 |     46 | 33026 |
| 197.5 <> 198.0 |     46 | 30865 |
| 198.0 <> 198.5 |     65 | 37875 |
| 198.5 <> 199.0 |     53 | 35068 |
| 199.0 <> 199.5 |     55 | 35965 |
| 199.5 <> 200.0 |     65 | 39310 |
| 200.0 <> 200.5 |     73 | 41451 |
| 200.5 <> 201.0 |     51 | 32157 |
| 201.0 <> 201.5 |     53 | 34425 |
| 201.5 <> 202.0 |     50 | 30590 |
| 202.0 <> 202.5 |     45 | 32268 |
| 202.5 <> 203.0 |     69 | 35692 |
| 203.0 <> 203.5 |     71 | 36951 |
| 203.5 <> 204.0 |     54 | 32697 |
| 204.0 <> 204.5 |     59 | 31118 |
| 204.5 <> 205.0 |     75 | 31867 |
| 205.0 <> 205.5 |     54 | 31979 |
| 205.5 <> 206.0 |     48 | 31195 |
| 206.0 <> 206.5 |     73 | 32677 |
| 206.5 <> 207.0 |     76 | 32208 |
| 207.0 <> 207.5 |     65 | 33204 |
| 207.5 <> 208.0 |     39 | 28512 |
| 208.0 <> 208.5 |     54 | 33594 |
| 208.5 <> 209.0 |     58 | 32608 |
| 209.0 <> 209.5 |     37 | 30416 |
| 209.5 <> 210.0 |     28 | 19456 |
| 210.0 <> 210.5 |     56 | 13242 |
| 210.5 <> 211.0 |    147 | 69274 |
| 211.0 <> 211.5 |     46 | 31138 |
| 211.5 <> 212.0 |     47 | 33301 |
| 212.0 <> 212.5 |     45 | 30420 |
| 212.5 <> 213.0 |     46 | 30508 |
| 213.0 <> 213.5 |     46 | 31736 |
| 213.5 <> 214.0 |     43 | 33292 |
| 214.0 <> 214.5 |     49 | 30680 |
| 214.5 <> 215.0 |     46 | 31864 |
| 215.0 <> 215.5 |     46 | 31878 |
| 215.5 <> 216.0 |     47 | 32718 |
| 216.0 <> 216.5 |     44 | 30961 |
| 216.5 <> 217.0 |     47 | 33413 |
| 217.0 <> 217.5 |     50 | 31344 |
| 217.5 <> 218.0 |     49 | 34027 |
| 218.0 <> 218.5 |     45 | 30925 |
| 218.5 <> 219.0 |     44 | 33924 |
| 219.0 <> 219.5 |     55 | 32755 |
| 219.5 <> 220.0 |     43 | 30600 |
| 220.0 <> 220.5 |     60 | 32333 |
| 220.5 <> 221.0 |     45 | 33847 |
| 221.0 <> 221.5 |     44 | 32248 |
| 221.5 <> 222.0 |     78 | 39144 |
| 222.0 <> 222.5 |     51 | 36255 |
| 222.5 <> 223.0 |     33 | 31252 |
| 223.0 <> 223.5 |     37 | 30223 |
| 223.5 <> 224.0 |     45 | 32650 |
| 224.0 <> 224.5 |     55 | 32195 |
| 224.5 <> 225.0 |     41 | 31646 |
| 225.0 <> 225.5 |     48 | 32287 |
| 225.5 <> 226.0 |     37 | 31874 |
| 226.0 <> 226.5 |     57 | 33729 |
| 226.5 <> 227.0 |     41 | 32228 |
| 227.0 <> 227.5 |     37 | 32089 |
| 227.5 <> 228.0 |     38 | 30359 |
| 228.0 <> 228.5 |     51 | 31628 |
| 228.5 <> 229.0 |     48 | 32252 |
| 229.0 <> 229.5 |     37 | 31292 |
| 229.5 <> 230.0 |     37 | 29928 |
| 230.0 <> 230.5 |     72 | 38090 |
| 230.5 <> 231.0 |     50 | 31154 |
| 231.0 <> 231.5 |     50 | 33366 |
| 231.5 <> 232.0 |     57 | 35190 |
| 232.0 <> 232.5 |     40 | 29575 |
| 232.5 <> 233.0 |     63 | 33785 |
| 233.0 <> 233.5 |     74 | 31257 |
| 233.5 <> 234.0 |     61 | 33193 |
| 234.0 <> 234.5 |     51 | 32252 |
| 234.5 <> 235.0 |     55 | 34207 |
| 235.0 <> 235.5 |     38 | 29484 |
| 235.5 <> 236.0 |     55 | 31476 |
| 236.0 <> 236.5 |     58 | 34030 |
| 236.5 <> 237.0 |     48 | 30493 |
| 237.0 <> 237.5 |     66 | 32653 |
| 237.5 <> 238.0 |     57 | 35196 |
| 238.0 <> 238.5 |     39 | 14250 |
| 238.5 <> 239.0 |     28 |  4552 |
| 239.0 <> 239.5 |     77 | 31281 |
| 239.5 <> 240.0 |     47 | 31874 |
| 240.0 <> 240.5 |     42 | 30216 |
| 240.5 <> 241.0 |     55 | 31491 |
| 241.0 <> 241.5 |     33 | 16774 |
| 241.5 <> 242.0 |      5 |   524 |
| 242.0 <> 242.5 |      1 |    68 |
| 242.5 <> 243.0 |     15 |  1020 |
| 243.0 <> 243.5 |      0 |     0 |
| 243.5 <> 244.0 |      0 |     0 |
| 244.0 <> 244.5 |      0 |     0 |
| 244.5 <> 245.0 |      9 |   612 |
| 245.0 <> 245.5 |      0 |     0 |
| 245.5 <> 246.0 |      0 |     0 |
| 246.0 <> 246.5 |      0 |     0 |
| 246.5 <> 247.0 |      0 |     0 |
| 247.0 <> 247.5 |      0 |     0 |
| 247.5 <> 248.0 |     10 |   815 |
| 248.0 <> 248.5 |      1 |    56 |
| 248.5 <> 249.0 |      0 |     0 |
| 249.0 <> 249.5 |      0 |     0 |
| 249.5 <> 250.0 |      0 |     0 |
| 250.0 <> 250.5 |      0 |     0 |
| 250.5 <> 251.0 |      0 |     0 |
| 251.0 <> 251.5 |      0 |     0 |
| 251.5 <> 252.0 |      0 |     0 |
| 252.0 <> 252.5 |      0 |     0 |
| 252.5 <> 253.0 |      0 |     0 |
| 253.0 <> 253.5 |      0 |     0 |
| 253.5 <> 254.0 |      0 |     0 |
| 254.0 <> 254.5 |      0 |     0 |
| 254.5 <> 255.0 |      2 |   136 |
| 255.0 <> 255.5 |      0 |     0 |
| 255.5 <> 256.0 |      0 |     0 |
| 256.0 <> 256.5 |      2 |   148 |
| 256.5 <> 257.0 |      0 |     0 |
| 257.0 <> 257.5 |      0 |     0 |
| 257.5 <> 258.0 |      0 |     0 |
| 258.0 <> 258.5 |      0 |     0 |
| 258.5 <> 259.0 |      0 |     0 |
| 259.0 <> 259.5 |      0 |     0 |
| 259.5 <> 260.0 |      0 |     0 |
| 260.0 <> 260.5 |      0 |     0 |
| 260.5 <> 261.0 |      0 |     0 |
| 261.0 <> 261.5 |      0 |     0 |
| 261.5 <> 262.0 |      0 |     0 |
| 262.0 <> 262.5 |      0 |     0 |
| 262.5 <> 263.0 |      0 |     0 |
| 263.0 <> 263.5 |      0 |     0 |
| 263.5 <> 264.0 |      0 |     0 |
| 264.0 <> 264.5 |      0 |     0 |
| 264.5 <> 265.0 |      0 |     0 |
| 265.0 <> 265.5 |      0 |     0 |
| 265.5 <> 266.0 |      0 |     0 |
| 266.0 <> 266.5 |      1 |    76 |
| 266.5 <> 267.0 |      0 |     0 |
| 267.0 <> 267.5 |      0 |     0 |
| 267.5 <> 268.0 |      0 |     0 |
| 268.0 <> 268.5 |      0 |     0 |
| 268.5 <> 269.0 |      0 |     0 |
| 269.0 <> 269.5 |      7 |   663 |
| 269.5 <> 270.0 |      0 |     0 |
| 270.0 <> 270.5 |      5 |   972 |
| 270.5 <> 271.0 |      7 |   668 |
| 271.0 <> 271.5 |      3 |   378 |
| 271.5 <> 272.0 |      0 |     0 |
| 272.0 <> 272.5 |      0 |     0 |
| 272.5 <> 273.0 |      4 |   282 |
| 273.0 <> 273.5 |      0 |     0 |
| 273.5 <> 274.0 |     16 |  2911 |
| 274.0 <> 274.5 |      8 |   986 |
| 274.5 <> 275.0 |      6 |  1466 |
| 275.0 <> 275.5 |      1 |    68 |
| 275.5 <> 276.0 |     39 | 12583 |
| 276.0 <> 276.5 |     81 | 31946 |
| 276.5 <> 277.0 |     58 | 34799 |
| 277.0 <> 277.5 |     67 | 36885 |
| 277.5 <> 278.0 |     46 | 31665 |
| 278.0 <> 278.5 |     57 | 34042 |
| 278.5 <> 279.0 |     50 | 29856 |
| 279.0 <> 279.5 |      0 |     0 |
| 279.5 <> 280.0 |     12 |   816 |
| 280.0 <> 280.5 |     24 |  1632 |
| 280.5 <> 281.0 |      2 |   153 |
| 281.0 <> 281.5 |     40 |  8325 |
| 281.5 <> 282.0 |     45 | 24225 |
| 282.0 <> 282.5 |     45 | 31676 |
| 282.5 <> 283.0 |     44 | 31720 |
| 283.0 <> 283.5 |     45 | 30835 |
| 283.5 <> 284.0 |     68 | 34410 |
| 284.0 <> 284.5 |     38 | 30536 |
| 284.5 <> 285.0 |     36 | 31200 |
| 285.0 <> 285.5 |     41 | 30570 |
| 285.5 <> 286.0 |     35 | 28892 |
| 286.0 <> 286.5 |     47 | 35256 |
| 286.5 <> 287.0 |     44 | 32651 |
| 287.0 <> 287.5 |     34 | 31040 |
| 287.5 <> 288.0 |     18 | 17640 |
| 288.0 <> 288.5 |     39 | 35979 |
| 288.5 <> 289.0 |     46 | 30062 |
| 289.0 <> 289.5 |     68 | 32439 |
| 289.5 <> 290.0 |     73 | 36751 |
| 290.0 <> 290.5 |     49 | 30562 |
| 290.5 <> 291.0 |     44 | 29921 |
| 291.0 <> 291.5 |     44 | 33345 |
| 291.5 <> 292.0 |     47 | 32401 |
| 292.0 <> 292.5 |     32 | 29536 |
| 292.5 <> 293.0 |     40 | 31978 |
| 293.0 <> 293.5 |     26 | 12320 |
| 293.5 <> 294.0 |     13 |  6968 |
| 294.0 <> 294.5 |      0 |     0 |
| 294.5 <> 295.0 |      6 |   506 |
| 295.0 <> 295.5 |     25 |  9198 |
| 295.5 <> 296.0 |     11 |  1302 |
| 296.0 <> 296.5 |      7 |  2940 |
| 296.5 <> 297.0 |      3 |   640 |
| 297.0 <> 297.5 |      0 |     0 |
| 297.5 <> 298.0 |      0 |     0 |
| 298.0 <> 298.5 |      0 |     0 |
| 298.5 <> 299.0 |      0 |     0 |
| 299.0 <> 299.5 |     14 |   928 |
| 299.5 <> 300.0 |      0 |     0 |
| 300.0 <> 300.5 |      0 |     0 |
| 300.5 <> 301.0 |      0 |     0 |
| 301.0 <> 301.5 |      0 |     0 |
| 301.5 <> 302.0 |      0 |     0 |
| 302.0 <> 302.5 |      0 |     0 |
| 302.5 <> 303.0 |      0 |     0 |
| 303.0 <> 303.5 |      0 |     0 |
| 303.5 <> 304.0 |      0 |     0 |
| 304.0 <> 304.5 |      0 |     0 |
| 304.5 <> 305.0 |      0 |     0 |
| 305.0 <> 305.5 |      0 |     0 |
| 305.5 <> 306.0 |      0 |     0 |
| 306.0 <> 306.5 |      0 |     0 |
| 306.5 <> 307.0 |      0 |     0 |
| 307.0 <> 307.5 |      0 |     0 |
| 307.5 <> 308.0 |      0 |     0 |
| 308.0 <> 308.5 |      0 |     0 |
| 308.5 <> 309.0 |      0 |     0 |
| 309.0 <> 309.5 |      0 |     0 |
| 309.5 <> 310.0 |      0 |     0 |
| 310.0 <> 310.5 |      0 |     0 |
| 310.5 <> 311.0 |      0 |     0 |
| 311.0 <> 311.5 |      0 |     0 |
| 311.5 <> 312.0 |      0 |     0 |
| 312.0 <> 312.5 |      0 |     0 |
| 312.5 <> 313.0 |      0 |     0 |
| 313.0 <> 313.5 |      0 |     0 |
| 313.5 <> 314.0 |      0 |     0 |
| 314.0 <> 314.5 |      0 |     0 |
| 314.5 <> 315.0 |      0 |     0 |
| 315.0 <> 315.5 |      0 |     0 |
| 315.5 <> 316.0 |      0 |     0 |
| 316.0 <> 316.5 |      0 |     0 |
| 316.5 <> 317.0 |      1 |    76 |
| 317.0 <> 317.5 |      0 |     0 |
| 317.5 <> 318.0 |      0 |     0 |
| 318.0 <> 318.5 |      0 |     0 |
| 318.5 <> 319.0 |      0 |     0 |
| 319.0 <> 319.5 |      4 |   431 |
| 319.5 <> 320.0 |      0 |     0 |
| 320.0 <> 320.5 |      0 |     0 |
| 320.5 <> 321.0 |      0 |     0 |
| 321.0 <> 321.5 |      2 |   310 |
| 321.5 <> 322.0 |      3 |   365 |
| 322.0 <> 322.5 |     16 |  2715 |
| 322.5 <> 323.0 |      1 |    68 |
| 323.0 <> 323.5 |      0 |     0 |
| 323.5 <> 324.0 |      0 |     0 |
| 324.0 <> 324.5 |      3 |   204 |
| 324.5 <> 325.0 |      0 |     0 |
| 325.0 <> 325.5 |     33 | 20052 |
| 325.5 <> 326.0 |     58 | 33692 |
| 326.0 <> 326.5 |     45 | 33156 |
| 326.5 <> 327.0 |     49 | 31907 |
| 327.0 <> 327.5 |     39 | 31380 |
| 327.5 <> 328.0 |     52 | 32400 |
| 328.0 <> 328.5 |     28 | 23789 |
| 328.5 <> 329.0 |     19 | 13675 |
| 329.0 <> 329.5 |     32 | 29922 |
| 329.5 <> 330.0 |     36 | 26864 |
| 330.0 <> 330.5 |     41 |  6984 |
| 330.5 <> 331.0 |    127 | 41970 |
| 331.0 <> 331.5 |     56 | 32068 |
| 331.5 <> 332.0 |     51 | 33044 |
| 332.0 <> 332.5 |     48 | 29491 |
| 332.5 <> 333.0 |     59 | 33148 |
| 333.0 <> 333.5 |     45 | 30001 |
| 333.5 <> 334.0 |     37 | 32005 |
| 334.0 <> 334.5 |     57 | 32092 |
| 334.5 <> 335.0 |     47 | 31480 |
| 335.0 <> 335.5 |     93 | 27435 |
| 335.5 <> 336.0 |     73 | 34040 |
| 336.0 <> 336.5 |     45 | 31529 |
| 336.5 <> 337.0 |     41 | 31044 |
| 337.0 <> 337.5 |     41 | 32752 |
| 337.5 <> 338.0 |     40 | 30540 |
| 338.0 <> 338.5 |     67 | 34202 |
| 338.5 <> 339.0 |     52 | 33883 |
| 339.0 <> 339.5 |     40 | 30114 |
| 339.5 <> 340.0 |     33 | 29998 |
| 340.0 <> 340.5 |     42 | 29771 |
| 340.5 <> 341.0 |     51 | 25388 |
| 341.0 <> 341.5 |     49 | 34021 |
| 341.5 <> 342.0 |     34 | 32007 |
| 342.0 <> 342.5 |     39 | 31534 |
| 342.5 <> 343.0 |     40 | 32141 |
| 343.0 <> 343.5 |     39 | 31408 |
| 343.5 <> 344.0 |     41 | 30436 |
| 344.0 <> 344.5 |     41 | 31233 |
| 344.5 <> 345.0 |    100 | 39219 |
| 345.0 <> 345.5 |     52 | 24439 |
| 345.5 <> 346.0 |     59 | 25877 |
| 346.0 <> 346.5 |     37 | 18332 |
| 346.5 <> 347.0 |     61 | 32052 |
| 347.0 <> 347.5 |     44 | 30348 |
| 347.5 <> 348.0 |     59 | 31874 |
| 348.0 <> 348.5 |     27 | 19620 |
| 348.5 <> 349.0 |     55 | 27121 |
| 349.0 <> 349.5 |     40 |  9942 |
| 349.5 <> 350.0 |     28 |  6466 |
| 350.0 <> 350.5 |     68 | 20802 |
| 350.5 <> 351.0 |     39 | 18387 |
| 351.0 <> 351.5 |     69 | 30222 |
| 351.5 <> 352.0 |     42 | 27274 |
| 352.0 <> 352.5 |     45 | 31705 |
| 352.5 <> 353.0 |     42 | 26630 |
| 353.0 <> 353.5 |     65 | 38140 |
| 353.5 <> 354.0 |     48 | 28634 |
| 354.0 <> 354.5 |     85 | 36553 |
| 354.5 <> 355.0 |     50 | 28314 |
| 355.0 <> 355.5 |     49 | 32787 |
| 355.5 <> 356.0 |     38 | 34450 |
| 356.0 <> 356.5 |     46 | 31093 |
| 356.5 <> 357.0 |     54 | 31171 |
| 357.0 <> 357.5 |     45 | 30496 |
| 357.5 <> 358.0 |     41 | 31711 |
| 358.0 <> 358.5 |     31 | 29475 |
| 358.5 <> 359.0 |     28 | 18320 |
| 359.0 <> 359.5 |     32 | 30904 |
| 359.5 <> 360.0 |     31 | 30836 |
| 360.0 <> 360.5 |     32 | 30904 |
| 360.5 <> 361.0 |     25 | 17997 |
| 361.0 <> 361.5 |     31 | 19533 |
| 361.5 <> 362.0 |      2 |   150 |
| 362.0 <> 362.5 |      0 |     0 |
| 362.5 <> 363.0 |      3 |   204 |
| 363.0 <> 363.5 |      0 |     0 |
| 363.5 <> 364.0 |      0 |     0 |
| 364.0 <> 364.5 |      0 |     0 |
| 364.5 <> 365.0 |      1 |    68 |
| 365.0 <> 365.5 |      2 |   136 |
| 365.5 <> 366.0 |      0 |     0 |
| 366.0 <> 366.5 |      1 |    87 |
| 366.5 <> 367.0 |      3 |   610 |
| 367.0 <> 367.5 |     92 | 19296 |
| 367.5 <> 368.0 |     68 | 33580 |
| 368.0 <> 368.5 |     71 | 36773 |
| 368.5 <> 369.0 |    119 | 41323 |
| 369.0 <> 369.5 |    127 | 56299 |
| 369.5 <> 370.0 |     59 | 34761 |
| 370.0 <> 370.5 |     56 | 31567 |
| 370.5 <> 371.0 |     67 | 32131 |
| 371.0 <> 371.5 |     57 | 31623 |
| 371.5 <> 372.0 |     66 | 28105 |
| 372.0 <> 372.5 |     22 | 15190 |
| 372.5 <> 373.0 |      1 |    78 |
| 373.0 <> 373.5 |     56 |  5175 |
| 373.5 <> 374.0 |     96 | 19137 |
| 374.0 <> 374.5 |     28 | 22424 |
| 374.5 <> 375.0 |     34 | 31792 |
| 375.0 <> 375.5 |     19 |  6012 |
| 375.5 <> 376.0 |     90 | 34099 |
| 376.0 <> 376.5 |     49 | 24491 |
| 376.5 <> 377.0 |      4 |   321 |
| 377.0 <> 377.5 |     88 | 31229 |
| 377.5 <> 378.0 |     52 | 26957 |
| 378.0 <> 378.5 |     45 | 25638 |
| 378.5 <> 379.0 |      0 |     0 |
| 379.0 <> 379.5 |     16 |  1088 |
| 379.5 <> 380.0 |     32 |  2176 |
| 380.0 <> 380.5 |      0 |     0 |
| 380.5 <> 381.0 |      0 |     0 |
| 381.0 <> 381.5 |     18 |  1224 |
| 381.5 <> 382.0 |     37 |  2531 |
| 382.0 <> 382.5 |      5 |  1172 |
| 382.5 <> 383.0 |      5 |   949 |
| 383.0 <> 383.5 |      6 |   960 |
| 383.5 <> 384.0 |     10 |  4503 |
| 384.0 <> 384.5 |      6 |  1145 |
| 384.5 <> 385.0 |      7 |   660 |
| 385.0 <> 385.5 |      2 |   136 |
| 385.5 <> 386.0 |      2 |   136 |
| 386.0 <> 386.5 |      6 |   472 |
| 386.5 <> 387.0 |      5 |   340 |
| 387.0 <> 387.5 |      0 |     0 |
| 387.5 <> 388.0 |      1 |    68 |
| 388.0 <> 388.5 |      0 |     0 |
| 388.5 <> 389.0 |      2 |   124 |
| 389.0 <> 389.5 |      0 |     0 |
| 389.5 <> 390.0 |      0 |     0 |
| 390.0 <> 390.5 |      0 |     0 |
| 390.5 <> 391.0 |      0 |     0 |
| 391.0 <> 391.5 |      0 |     0 |
| 391.5 <> 392.0 |      0 |     0 |
| 392.0 <> 392.5 |      0 |     0 |
| 392.5 <> 393.0 |      0 |     0 |
| 393.0 <> 393.5 |      0 |     0 |
| 393.5 <> 394.0 |      0 |     0 |
| 394.0 <> 394.5 |      0 |     0 |
| 394.5 <> 395.0 |      0 |     0 |
| 395.0 <> 395.5 |      0 |     0 |
| 395.5 <> 396.0 |      0 |     0 |
| 396.0 <> 396.5 |      0 |     0 |
| 396.5 <> 397.0 |      0 |     0 |
| 397.0 <> 397.5 |      0 |     0 |
| 397.5 <> 398.0 |      0 |     0 |
| 398.0 <> 398.5 |      0 |     0 |
| 398.5 <> 399.0 |      0 |     0 |
| 399.0 <> 399.5 |      0 |     0 |
| 399.5 <> 400.0 |      0 |     0 |
| 400.0 <> 400.5 |      0 |     0 |
| 400.5 <> 401.0 |      0 |     0 |
| 401.0 <> 401.5 |      0 |     0 |
| 401.5 <> 402.0 |      0 |     0 |
| 402.0 <> 402.5 |      0 |     0 |
| 402.5 <> 403.0 |      0 |     0 |
| 403.0 <> 403.5 |      0 |     0 |
| 403.5 <> 404.0 |      0 |     0 |
| 404.0 <> 404.5 |      0 |     0 |
| 404.5 <> 405.0 |      0 |     0 |
| 405.0 <> 405.5 |      0 |     0 |
| 405.5 <> 406.0 |      0 |     0 |
| 406.0 <> 406.5 |      0 |     0 |
| 406.5 <> 407.0 |      0 |     0 |
| 407.0 <> 407.5 |      1 |    83 |
| 407.5 <> 408.0 |      0 |     0 |
| 408.0 <> 408.5 |      0 |     0 |
| 408.5 <> 409.0 |      0 |     0 |
| 409.0 <> 409.5 |      0 |     0 |
| 409.5 <> 410.0 |      2 |   191 |
| 410.0 <> 410.5 |      3 |   831 |
| 410.5 <> 411.0 |      5 |   948 |
| 411.0 <> 411.5 |      0 |     0 |
| 411.5 <> 412.0 |      1 |   119 |
| 412.0 <> 412.5 |      1 |    68 |
| 412.5 <> 413.0 |      1 |    68 |
| 413.0 <> 413.5 |      2 |   136 |
| 413.5 <> 414.0 |      1 |    76 |
| 414.0 <> 414.5 |      1 |    76 |
| 414.5 <> 415.0 |      0 |     0 |
| 415.0 <> 415.5 |      0 |     0 |
| 415.5 <> 416.0 |     10 |  1465 |
| 416.0 <> 416.5 |      1 |    68 |
| 416.5 <> 417.0 |      2 |   136 |
| 417.0 <> 417.5 |      0 |     0 |
| 417.5 <> 418.0 |      2 |   136 |
| 418.0 <> 418.5 |      0 |     0 |
| 418.5 <> 419.0 |      0 |     0 |
| 419.0 <> 419.5 |      0 |     0 |
| 419.5 <> 420.0 |      0 |     0 |
| 420.0 <> 420.5 |      0 |     0 |
| 420.5 <> 421.0 |      0 |     0 |
| 421.0 <> 421.5 |      0 |     0 |
| 421.5 <> 422.0 |      0 |     0 |
| 422.0 <> 422.5 |      0 |     0 |
| 422.5 <> 423.0 |      0 |     0 |
| 423.0 <> 423.5 |      0 |     0 |
| 423.5 <> 424.0 |      0 |     0 |
| 424.0 <> 424.5 |      0 |     0 |
| 424.5 <> 425.0 |      0 |     0 |
| 425.0 <> 425.5 |      0 |     0 |
| 425.5 <> 426.0 |      0 |     0 |
| 426.0 <> 426.5 |      0 |     0 |
| 426.5 <> 427.0 |      0 |     0 |
| 427.0 <> 427.5 |      0 |     0 |
| 427.5 <> 428.0 |      0 |     0 |
| 428.0 <> 428.5 |      0 |     0 |
| 428.5 <> 429.0 |      0 |     0 |
| 429.0 <> 429.5 |      0 |     0 |
| 429.5 <> 430.0 |      0 |     0 |
| 430.0 <> 430.5 |      0 |     0 |
| 430.5 <> 431.0 |      0 |     0 |
| 431.0 <> 431.5 |      0 |     0 |
| 431.5 <> 432.0 |      0 |     0 |
| 432.0 <> 432.5 |      0 |     0 |
| 432.5 <> 433.0 |      0 |     0 |
| 433.0 <> 433.5 |      0 |     0 |
| 433.5 <> 434.0 |      0 |     0 |
| 434.0 <> 434.5 |      0 |     0 |
| 434.5 <> 435.0 |      0 |     0 |
| 435.0 <> 435.5 |      0 |     0 |
| 435.5 <> 436.0 |      0 |     0 |
| 436.0 <> 436.5 |      0 |     0 |
| 436.5 <> 437.0 |      0 |     0 |
| 437.0 <> 437.5 |      1 |    83 |
| 437.5 <> 438.0 |      0 |     0 |
| 438.0 <> 438.5 |      0 |     0 |
| 438.5 <> 439.0 |      0 |     0 |
| 439.0 <> 439.5 |      0 |     0 |
| 439.5 <> 440.0 |      2 |   191 |
| 440.0 <> 440.5 |      3 |   831 |
| 440.5 <> 441.0 |      5 |   948 |
| 441.0 <> 441.5 |      0 |     0 |
| 441.5 <> 442.0 |      0 |     0 |
| 442.0 <> 442.5 |      1 |   117 |
| 442.5 <> 443.0 |      2 |   136 |
| 443.0 <> 443.5 |      0 |     0 |
| 443.5 <> 444.0 |      0 |     0 |
| 444.0 <> 444.5 |      0 |     0 |
| 444.5 <> 445.0 |      0 |     0 |
| 445.0 <> 445.5 |      0 |     0 |
| 445.5 <> 446.0 |      0 |     0 |
| 446.0 <> 446.5 |      0 |     0 |
| 446.5 <> 447.0 |      0 |     0 |
| 447.0 <> 447.5 |      0 |     0 |
| 447.5 <> 448.0 |      0 |     0 |
| 448.0 <> 448.5 |      0 |     0 |
| 448.5 <> 449.0 |      0 |     0 |
| 449.0 <> 449.5 |      0 |     0 |
| 449.5 <> 450.0 |      0 |     0 |
| 450.0 <> 450.5 |      0 |     0 |
| 450.5 <> 451.0 |      1 |    68 |
| 451.0 <> 451.5 |      0 |     0 |
| 451.5 <> 452.0 |      0 |     0 |
| 452.0 <> 452.5 |      0 |     0 |
| 452.5 <> 453.0 |      0 |     0 |
| 453.0 <> 453.5 |      0 |     0 |
| 453.5 <> 454.0 |      0 |     0 |
| 454.0 <> 454.5 |      0 |     0 |
| 454.5 <> 455.0 |      0 |     0 |
| 455.0 <> 455.5 |      0 |     0 |
| 455.5 <> 456.0 |      0 |     0 |
| 456.0 <> 456.5 |      0 |     0 |
| 456.5 <> 457.0 |      0 |     0 |
| 457.0 <> 457.5 |      0 |     0 |
| 457.5 <> 458.0 |      0 |     0 |
| 458.0 <> 458.5 |      0 |     0 |
| 458.5 <> 459.0 |      1 |    80 |
| 459.0 <> 459.5 |      0 |     0 |
| 459.5 <> 460.0 |      0 |     0 |
| 460.0 <> 460.5 |      0 |     0 |
| 460.5 <> 461.0 |      0 |     0 |
| 461.0 <> 461.5 |      2 |   204 |
| 461.5 <> 462.0 |      3 |   798 |
| 462.0 <> 462.5 |      6 |   592 |
| 462.5 <> 463.0 |      0 |     0 |
| 463.0 <> 463.5 |      0 |     0 |
| 463.5 <> 464.0 |      0 |     0 |
| 464.0 <> 464.5 |      0 |     0 |
| 464.5 <> 465.0 |      0 |     0 |
| 465.0 <> 465.5 |      0 |     0 |
| 465.5 <> 466.0 |      0 |     0 |
| 466.0 <> 466.5 |      0 |     0 |
| 466.5 <> 467.0 |      1 |    68 |
| 467.0 <> 467.5 |      1 |    83 |
| 467.5 <> 468.0 |      2 |   191 |
| 468.0 <> 468.5 |      3 |   831 |
| 468.5 <> 469.0 |      0 |     0 |
| 469.0 <> 469.5 |      0 |     0 |
| 469.5 <> 470.0 |      5 |   949 |
| 470.0 <> 470.5 |      0 |     0 |
| 470.5 <> 471.0 |      0 |     0 |
| 471.0 <> 471.5 |      0 |     0 |
| 471.5 <> 472.0 |      1 |    68 |
| 472.0 <> 472.5 |      0 |     0 |
| 472.5 <> 473.0 |      0 |     0 |
| 473.0 <> 473.5 |      0 |     0 |
| 473.5 <> 474.0 |      0 |     0 |
| 474.0 <> 474.5 |      2 |   136 |
| 474.5 <> 475.0 |      0 |     0 |
| 475.0 <> 475.5 |      0 |     0 |
| 475.5 <> 476.0 |      0 |     0 |
| 476.0 <> 476.5 |      0 |     0 |
| 476.5 <> 477.0 |      0 |     0 |
| 477.0 <> 477.5 |      0 |     0 |
| 477.5 <> 478.0 |      0 |     0 |
| 478.0 <> 478.5 |      0 |     0 |
| 478.5 <> 479.0 |      0 |     0 |
| 479.0 <> 479.5 |      0 |     0 |
| 479.5 <> 480.0 |      0 |     0 |
| 480.0 <> 480.5 |      0 |     0 |
| 480.5 <> 481.0 |      0 |     0 |
| 481.0 <> 481.5 |      0 |     0 |
| 481.5 <> 482.0 |      0 |     0 |
| 482.0 <> 482.5 |      0 |     0 |
| 482.5 <> 483.0 |      0 |     0 |
| 483.0 <> 483.5 |      0 |     0 |
| 483.5 <> 484.0 |      0 |     0 |
| 484.0 <> 484.5 |      0 |     0 |
| 484.5 <> 485.0 |      0 |     0 |
| 485.0 <> 485.5 |      0 |     0 |
| 485.5 <> 486.0 |      0 |     0 |
| 486.0 <> 486.5 |      0 |     0 |
| 486.5 <> 487.0 |      0 |     0 |
| 487.0 <> 487.5 |      0 |     0 |
| 487.5 <> 488.0 |      0 |     0 |
| 488.0 <> 488.5 |      0 |     0 |
| 488.5 <> 489.0 |      1 |    76 |
| 489.0 <> 489.5 |      0 |     0 |
| 489.5 <> 490.0 |      0 |     0 |
| 490.0 <> 490.5 |      0 |     0 |
| 490.5 <> 491.0 |      0 |     0 |
| 491.0 <> 491.5 |      5 |  2457 |
| 491.5 <> 492.2 |      3 |   204 |
===================================
