
====================================
| IO Statistics                    |
|                                  |
| Interval size: 0.5 secs          |
| Col 1: Frames and bytes          |
|----------------------------------|
|                |1                |
| Interval
| Interval       | Frames |  Bytes |
|----------------------------------|
|   0.0 <>   0.5 |     12 |   2031 |
|   0.5 <>   1.0 |      9 |   1513 |
|   1.0 <>   1.5 |      0 |      0 |
|   1.5 <>   2.0 |      6 |    408 |
|   2.0 <>   2.5 |      1 |     68 |
|   2.5 <>   3.0 |      2 |    136 |
|   3.0 <>   3.5 |      0 |      0 |
|   3.5 <>   4.0 |      0 |      0 |
|   4.0 <>   4.5 |      1 |     68 |
|   4.5 <>   5.0 |      2 |    136 |
|   5.0 <>   5.5 |      0 |      0 |
|   5.5 <>   6.0 |      1 |     80 |
|   6.0 <>   6.5 |      0 |      0 |
|   6.5 <>   7.0 |      6 |   1283 |
|   7.0 <>   7.5 |     38 |  18731 |
|   7.5 <>   8.0 |    203 | 117466 |
|   8.0 <>   8.5 |    171 | 111646 |
|   8.5 <>   9.0 |     72 |  41587 |
|   9.0 <>   9.5 |     15 |  11319 |
|   9.5 <>  10.0 |      3 |    204 |
|  10.0 <>  10.5 |      1 |     94 |
|  10.5 <>  11.0 |      2 |    276 |
|  11.0 <>  11.5 |      1 |     68 |
|  11.5 <>  12.0 |     48 |   3192 |
|  12.0 <>  12.5 |      0 |      0 |
|  12.5 <>  13.0 |      0 |      0 |
|  13.0 <>  13.5 |     14 |   4933 |
|  13.5 <>  14.0 |     12 |   1694 |
|  14.0 <>  14.5 |      7 |   1878 |
|  14.5 <>  15.0 |      0 |      0 |
|  15.0 <>  15.5 |      0 |      0 |
|  15.5 <>  16.0 |      3 |    204 |
|  16.0 <>  16.5 |      0 |      0 |
|  16.5 <>  17.0 |      0 |      0 |
|  17.0 <>  17.5 |      0 |      0 |
|  17.5 <>  18.0 |      3 |    204 |
|  18.0 <>  18.5 |      0 |      0 |
|  18.5 <>  19.0 |      0 |      0 |
|  19.0 <>  19.5 |     10 |    680 |
|  19.5 <>  20.0 |      0 |      0 |
|  20.0 <>  20.5 |      8 |    655 |
|  20.5 <>  21.0 |      3 |    192 |
|  21.0 <>  21.5 |      2 |    247 |
|  21.5 <>  22.0 |      0 |      0 |
|  22.0 <>  22.5 |      0 |      0 |
|  22.5 <>  23.0 |      0 |      0 |
|  23.0 <>  23.5 |      0 |      0 |
|  23.5 <>  24.0 |      0 |      0 |
|  24.0 <>  24.5 |      0 |      0 |
|  24.5 <>  25.0 |      0 |      0 |
|  25.0 <>  25.5 |      0 |      0 |
|  25.5 <>  26.0 |      1 |     76 |
|  26.0 <>  26.5 |      3 |    363 |
|  26.5 <>  27.0 |      0 |      0 |
|  27.0 <>  27.5 |      1 |     68 |
|  27.5 <>  28.0 |      0 |      0 |
|  28.0 <>  28.5 |      0 |      0 |
|  28.5 <>  29.0 |      0 |      0 |
|  29.0 <>  29.5 |      3 |    386 |
|  29.5 <>  30.0 |     22 |   5247 |
|  30.0 <>  30.5 |    120 |  77104 |
|  30.5 <>  31.0 |    274 | 157158 |
|  31.0 <>  31.5 |     89 |  59745 |
|  31.5 <>  32.0 |     23 |   3532 |
|  32.0 <>  32.5 |    242 | 139679 |
|  32.5 <>  33.0 |     63 |  21065 |
|  33.0 <>  33.5 |    118 |  54557 |
|  33.5 <>  34.0 |    130 |  79071 |
|  34.0 <>  34.5 |    140 |  87043 |
|  34.5 <>  35.0 |     49 |  29903 |
|  35.0 <>  35.5 |     13 |   1379 |
|  35.5 <>  36.0 |     26 |   5179 |
|  36.0 <>  36.5 |      0 |      0 |
|  36.5 <>  37.0 |      0 |      0 |
|  37.0 <>  37.5 |      0 |      0 |
|  37.5 <>  38.0 |     44 |   2992 |
|  38.0 <>  38.5 |      5 |    859 |
|  38.5 <>  39.0 |     75 |  37043 |
|  39.0 <>  39.5 |      4 |    272 |
|  39.5 <>  40.0 |      6 |    701 |
|  40.0 <>  40.5 |     30 |  13061 |
|  40.5 <>  41.0 |      2 |   1238 |
|  41.0 <>  41.5 |     65 |  22213 |
|  41.5 <>  42.0 |     16 |   4439 |
|  42.0 <>  42.5 |     21 |  11240 |
|  42.5 <>  43.0 |      0 |      0 |
|  43.0 <>  43.5 |      0 |      0 |
|  43.5 <>  44.0 |    122 |  40169 |
|  44.0 <>  44.5 |    231 | 140368 |
|  44.5 <>  45.0 |      8 |   5909 |
|  45.0 <>  45.5 |      0 |      0 |
|  45.5 <>  46.0 |      3 |    204 |
|  46.0 <>  46.5 |      0 |      0 |
|  46.5 <>  47.0 |      6 |    657 |
|  47.0 <>  47.5 |      2 |    167 |
|  47.5 <>  48.0 |     25 |   1700 |
|  48.0 <>  48.5 |     18 |   1224 |
|  48.5 <>  49.0 |      1 |     99 |
|  49.0 <>  49.5 |    121 |   8228 |
|  49.5 <>  50.0 |    104 |   6720 |
|  50.0 <>  50.5 |      0 |      0 |
|  50.5 <>  51.0 |      0 |      0 |
|  51.0 <>  51.5 |      0 |      0 |
|  51.5 <>  52.0 |      0 |      0 |
|  52.0 <>  52.5 |      0 |      0 |
|  52.5 <>  53.0 |      0 |      0 |
|  53.0 <>  53.5 |      0 |      0 |
|  53.5 <>  54.0 |      0 |      0 |
|  54.0 <>  54.5 |      0 |      0 |
|  54.5 <>  55.0 |      0 |      0 |
|  55.0 <>  55.5 |      0 |      0 |
|  55.5 <>  56.0 |      1 |     76 |
|  56.0 <>  56.5 |      3 |    912 |
|  56.5 <>  57.0 |      0 |      0 |
|  57.0 <>  57.5 |      0 |      0 |
|  57.5 <>  58.0 |     83 |  36645 |
|  58.0 <>  58.5 |    123 |  67926 |
|  58.5 <>  59.0 |    113 |  60055 |
|  59.0 <>  59.5 |     17 |   2688 |
|  59.5 <>  60.0 |     59 |  41776 |
|  60.0 <>  60.5 |      5 |   2056 |
|  60.5 <>  61.0 |      0 |      0 |
|  61.0 <>  61.5 |      0 |      0 |
|  61.5 <>  62.0 |     63 |   4304 |
|  62.0 <>  62.5 |      3 |    204 |
|  62.5 <>  63.0 |     47 |  20613 |
|  63.0 <>  63.5 |    156 | 114932 |
|  63.5 <>  64.0 |     29 |  21124 |
|  64.0 <>  64.5 |     73 |  39366 |
|  64.5 <>  65.0 |     55 |  30166 |
|  65.0 <>  65.5 |     32 |   4537 |
|  65.5 <>  66.0 |     31 |   2657 |
|  66.0 <>  66.5 |     36 |  17618 |
|  66.5 <>  67.0 |      7 |    516 |
|  67.0 <>  67.5 |      0 |      0 |
|  67.5 <>  68.0 |      6 |    408 |
|  68.0 <>  68.5 |      0 |      0 |
|  68.5 <>  69.0 |      6 |    411 |
|  69.0 <>  69.5 |      0 |      0 |
|  69.5 <>  70.0 |      4 |    272 |
|  70.0 <>  70.5 |      3 |    220 |
|  70.5 <>  71.0 |     14 |    960 |
|  71.0 <>  71.5 |     25 |   3989 |
|  71.5 <>  72.0 |      0 |      0 |
|  72.0 <>  72.5 |      0 |      0 |
|  72.5 <>  73.0 |      0 |      0 |
|  73.0 <>  73.5 |      5 |    356 |
|  73.5 <>  74.0 |      6 |    598 |
|  74.0 <>  74.5 |      0 |      0 |
|  74.5 <>  75.0 |      0 |      0 |
|  75.0 <>  75.5 |     11 |    775 |
|  75.5 <>  76.0 |     17 |   1768 |
|  76.0 <>  76.5 |     24 |   9563 |
|  76.5 <>  77.0 |     17 |   4457 |
|  77.0 <>  77.5 |     10 |   2548 |
|  77.5 <>  78.0 |      4 |   2219 |
|  78.0 <>  78.5 |     24 |   7506 |
|  78.5 <>  79.0 |     53 |  29803 |
|  79.0 <>  79.5 |     57 |  38479 |
|  79.5 <>  80.0 |    106 |  73206 |
|  80.0 <>  80.5 |     50 |  40742 |
|  80.5 <>  81.0 |     96 |  45423 |
|  81.0 <>  81.5 |    134 |  85194 |
|  81.5 <>  82.0 |     50 |  19371 |
|  82.0 <>  82.5 |     18 |   9026 |
|  82.5 <>  83.0 |     12 |   6748 |
|  83.0 <>  83.5 |      0 |      0 |
|  83.5 <>  84.0 |      0 |      0 |
|  84.0 <>  84.5 |      1 |     56 |
|  84.5 <>  85.0 |     15 |   1008 |
|  85.0 <>  85.5 |     24 |   1632 |
|  85.5 <>  86.0 |     10 |    940 |
|  86.0 <>  86.5 |     10 |   3789 |
|  86.5 <>  87.0 |      1 |     68 |
|  87.0 <>  87.5 |      3 |   1552 |
|  87.5 <>  88.0 |      0 |      0 |
|  88.0 <>  88.5 |      0 |      0 |
|  88.5 <>  89.0 |      0 |      0 |
|  89.0 <>  89.5 |      0 |      0 |
|  89.5 <>  90.0 |      0 |      0 |
|  90.0 <>  90.5 |      0 |      0 |
|  90.5 <>  91.0 |      0 |      0 |
|  91.0 <>  91.5 |      0 |      0 |
|  91.5 <>  92.0 |      0 |      0 |
|  92.0 <>  92.5 |      0 |      0 |
|  92.5 <>  93.0 |      0 |      0 |
|  93.0 <>  93.5 |      0 |      0 |
|  93.5 <>  94.0 |      0 |      0 |
|  94.0 <>  94.5 |      0 |      0 |
|  94.5 <>  95.0 |      0 |      0 |
|  95.0 <>  95.5 |      0 |      0 |
|  95.5 <>  96.0 |      0 |      0 |
|  96.0 <>  96.5 |      0 |      0 |
|  96.5 <>  97.0 |      0 |      0 |
|  97.0 <>  97.5 |      0 |      0 |
|  97.5 <>  98.0 |      0 |      0 |
|  98.0 <>  98.5 |      0 |      0 |
|  98.5 <>  99.0 |      1 |     76 |
|  99.0 <>  99.5 |     19 |   1664 |
|  99.5 <> 100.0 |      2 |    112 |
| 100.0 <> 100.5 |      0 |      0 |
| 100.5 <> 101.0 |      0 |      0 |
| 101.0 <> 101.5 |      2 |    310 |
| 101.5 <> 102.0 |      1 |     76 |
| 102.0 <> 102.5 |      1 |     76 |
| 102.5 <> 103.0 |      0 |      0 |
| 103.0 <> 103.5 |      0 |      0 |
| 103.5 <> 104.0 |      6 |   2323 |
| 104.0 <> 104.5 |      0 |      0 |
| 104.5 <> 105.0 |      6 |   3056 |
| 105.0 <> 105.5 |     16 |   6991 |
| 105.5 <> 106.0 |    146 | 110906 |
| 106.0 <> 106.5 |     55 |  42385 |
| 106.5 <> 107.0 |     60 |  43917 |
| 107.0 <> 107.5 |    101 |  72106 |
| 107.5 <> 108.0 |    150 | 118767 |
| 108.0 <> 108.5 |    474 | 261698 |
| 108.5 <> 109.0 |    447 | 323882 |
| 109.0 <> 109.5 |    228 | 162310 |
| 109.5 <> 110.0 |     57 |  45812 |
| 110.0 <> 110.5 |    147 |  81061 |
| 110.5 <> 111.0 |    110 |  35144 |
| 111.0 <> 111.5 |    141 |  55461 |
| 111.5 <> 112.0 |    295 | 182293 |
| 112.0 <> 112.5 |    445 | 340696 |
| 112.5 <> 113.0 |    395 | 326956 |
| 113.0 <> 113.5 |    374 | 330662 |
| 113.5 <> 114.0 |    355 | 337237 |
| 114.0 <> 114.5 |    327 | 316448 |
| 114.5 <> 115.0 |    194 | 167951 |
| 115.0 <> 115.5 |     17 |   1146 |
| 115.5 <> 116.0 |     32 |   8205 |
| 116.0 <> 116.5 |     76 |  14104 |
| 116.5 <> 117.0 |     73 |  10657 |
| 117.0 <> 117.5 |     27 |   8763 |
| 117.5 <> 118.0 |     56 |  21133 |
| 118.0 <> 118.5 |     92 |  52890 |
| 118.5 <> 119.0 |     24 |   2305 |
| 119.0 <> 119.5 |     19 |   1452 |
| 119.5 <> 120.0 |      0 |      0 |
| 120.0 <> 120.5 |      2 |    136 |
| 120.5 <> 121.0 |     10 |    656 |
| 121.0 <> 121.5 |     17 |   1108 |
| 121.5 <> 122.0 |      1 |     68 |
| 122.0 <> 122.5 |      1 |     80 |
| 122.5 <> 123.0 |      0 |      0 |
| 123.0 <> 123.5 |      0 |      0 |
| 123.5 <> 124.0 |      2 |    136 |
| 124.0 <> 124.5 |      0 |      0 |
| 124.5 <> 125.0 |      0 |      0 |
| 125.0 <> 125.5 |      0 |      0 |
| 125.5 <> 126.0 |      0 |      0 |
| 126.0 <> 126.5 |      0 |      0 |
| 126.5 <> 127.0 |      0 |      0 |
| 127.0 <> 127.5 |      0 |      0 |
| 127.5 <> 128.0 |      1 |     76 |
| 128.0 <> 128.5 |      3 |    363 |
| 128.5 <> 129.0 |      0 |      0 |
| 129.0 <> 129.5 |      1 |     68 |
| 129.5 <> 130.0 |      0 |      0 |
| 130.0 <> 130.5 |      0 |      0 |
| 130.5 <> 131.0 |      0 |      0 |
| 131.0 <> 131.5 |      2 |    310 |
| 131.5 <> 132.0 |      0 |      0 |
| 132.0 <> 132.5 |      0 |      0 |
| 132.5 <> 133.0 |      1 |     78 |
| 133.0 <> 133.5 |      2 |    287 |
| 133.5 <> 134.0 |      0 |      0 |
| 134.0 <> 134.5 |      3 |    674 |
| 134.5 <> 135.0 |      7 |    820 |
| 135.0 <> 135.5 |     11 |   2048 |
| 135.5 <> 136.0 |      6 |   1466 |
| 136.0 <> 136.5 |     15 |  10596 |
| 136.5 <> 137.0 |    134 |  58564 |
| 137.0 <> 137.5 |    274 | 184576 |
| 137.5 <> 138.0 |    310 | 278653 |
| 138.0 <> 138.5 |    317 | 267184 |
| 138.5 <> 139.0 |    211 | 196024 |
| 139.0 <> 139.5 |     79 |  41127 |
| 139.5 <> 140.0 |     59 |  28105 |
| 140.0 <> 140.5 |     32 |  28225 |
| 140.5 <> 141.0 |     69 |  14392 |
| 141.0 <> 141.5 |     17 |   7482 |
| 141.5 <> 142.0 |     37 |   8479 |
| 142.0 <> 142.5 |      0 |      0 |
| 142.5 <> 143.0 |      2 |    136 |
| 143.0 <> 143.5 |      6 |    408 |
| 143.5 <> 144.0 |      0 |      0 |
| 144.0 <> 144.5 |      0 |      0 |
| 144.5 <> 145.0 |      3 |    204 |
| 145.0 <> 145.5 |      0 |      0 |
| 145.5 <> 146.0 |      0 |      0 |
| 146.0 <> 146.5 |      3 |    204 |
| 146.5 <> 147.0 |     24 |   3462 |
| 147.0 <> 147.5 |     14 |   3220 |
| 147.5 <> 148.0 |      4 |    708 |
| 148.0 <> 148.5 |      0 |      0 |
| 148.5 <> 149.0 |      0 |      0 |
| 149.0 <> 149.5 |      0 |      0 |
| 149.5 <> 150.0 |      1 |     68 |
| 150.0 <> 150.5 |      3 |    204 |
| 150.5 <> 151.0 |      0 |      0 |
| 151.0 <> 151.5 |      0 |      0 |
| 151.5 <> 152.0 |      0 |      0 |
| 152.0 <> 152.5 |      0 |      0 |
| 152.5 <> 153.0 |      0 |      0 |
| 153.0 <> 153.5 |      0 |      0 |
| 153.5 <> 154.0 |      1 |     76 |
| 154.0 <> 154.5 |      1 |     76 |
| 154.5 <> 155.0 |      5 |   1625 |
| 155.0 <> 155.5 |      0 |      0 |
| 155.5 <> 156.0 |      3 |    224 |
| 156.0 <> 156.5 |      1 |     76 |
| 156.5 <> 157.0 |     34 |  12891 |
| 157.0 <> 157.5 |     21 |   4736 |
| 157.5 <> 158.0 |      3 |    829 |
| 158.0 <> 158.5 |      5 |    898 |
| 158.5 <> 159.0 |      7 |   2107 |
| 159.0 <> 159.5 |     10 |    690 |
| 159.5 <> 160.0 |     25 |   3652 |
| 160.0 <> 160.5 |     65 |  38862 |
| 160.5 <> 161.0 |    207 | 154659 |
| 161.0 <> 161.5 |     96 |  80073 |
| 161.5 <> 162.0 |     25 |   8466 |
| 162.0 <> 162.5 |     16 |   3877 |
| 162.5 <> 163.0 |    103 |  65503 |
| 163.0 <> 163.5 |     35 |  26229 |
| 163.5 <> 164.0 |     54 |  29619 |
| 164.0 <> 164.5 |    123 |  82424 |
| 164.5 <> 165.0 |      5 |    953 |
| 165.0 <> 165.5 |     30 |  17173 |
| 165.5 <> 166.0 |     25 |  19327 |
| 166.0 <> 166.5 |    316 | 160643 |
| 166.5 <> 167.0 |    436 | 331523 |
| 167.0 <> 167.5 |    244 | 155817 |
| 167.5 <> 168.0 |     41 |  19349 |
| 168.0 <> 168.5 |    109 |  70348 |
| 168.5 <> 169.0 |     66 |  19884 |
| 169.0 <> 169.5 |     97 |  31159 |
| 169.5 <> 170.0 |     64 |  37424 |
| 170.0 <> 170.5 |     41 |  29090 |
| 170.5 <> 171.0 |      7 |   5198 |
| 171.0 <> 171.5 |     22 |   1460 |
| 171.5 <> 172.0 |     17 |   1649 |
| 172.0 <> 172.5 |     38 |  10226 |
| 172.5 <> 173.0 |     91 |  42941 |
| 173.0 <> 173.5 |     13 |   1873 |
| 173.5 <> 174.0 |     94 |  49556 |
| 174.0 <> 174.5 |    377 | 337290 |
| 174.5 <> 175.0 |    103 |  84901 |
| 175.0 <> 175.5 |     80 |  33487 |
| 175.5 <> 176.0 |    105 |  32695 |
| 176.0 <> 176.5 |    100 |  57346 |
| 176.5 <> 177.0 |     26 |  18150 |
| 177.0 <> 177.5 |     76 |  46208 |
| 177.5 <> 178.0 |     78 |  38460 |
| 178.0 <> 178.5 |     73 |  34644 |
| 178.5 <> 179.0 |     90 |  16815 |
| 179.0 <> 179.5 |    352 | 140742 |
| 179.5 <> 180.0 |    226 | 134167 |
| 180.0 <> 180.5 |     84 |  53952 |
| 180.5 <> 181.0 |     54 |   7684 |
| 181.0 <> 181.5 |     13 |   5139 |
| 181.5 <> 182.0 |      9 |   1311 |
| 182.0 <> 182.5 |      8 |    736 |
| 182.5 <> 183.0 |      0 |      0 |
| 183.0 <> 183.5 |     65 |   4420 |
| 183.5 <> 184.0 |     85 |   5219 |
| 184.0 <> 184.5 |      0 |      0 |
| 184.5 <> 185.0 |      0 |      0 |
| 185.0 <> 185.5 |      1 |     68 |
| 185.5 <> 186.0 |      1 |     68 |
| 186.0 <> 186.5 |      0 |      0 |
| 186.5 <> 187.0 |      0 |      0 |
| 187.0 <> 187.5 |      0 |      0 |
| 187.5 <> 188.0 |      0 |      0 |
| 188.0 <> 188.5 |      0 |      0 |
| 188.5 <> 189.0 |      0 |      0 |
| 189.0 <> 189.5 |      0 |      0 |
| 189.5 <> 190.0 |      0 |      0 |
| 190.0 <> 190.5 |      0 |      0 |
| 190.5 <> 191.0 |      0 |      0 |
| 191.0 <> 191.5 |      0 |      0 |
| 191.5 <> 192.0 |      0 |      0 |
| 192.0 <> 192.5 |      0 |      0 |
| 192.5 <> 193.0 |      0 |      0 |
| 193.0 <> 193.5 |      0 |      0 |
| 193.5 <> 194.0 |      0 |      0 |
| 194.0 <> 194.5 |      0 |      0 |
| 194.5 <> 195.0 |      0 |      0 |
| 195.0 <> 195.5 |      0 |      0 |
| 195.5 <> 196.0 |      0 |      0 |
| 196.0 <> 196.5 |      1 |     76 |
| 196.5 <> 197.0 |      1 |     76 |
| 197.0 <> 197.5 |      0 |      0 |
| 197.5 <> 198.0 |      0 |      0 |
| 198.0 <> 198.5 |      0 |      0 |
| 198.5 <> 199.0 |     16 |   1864 |
| 199.0 <> 199.5 |      5 |    524 |
| 199.5 <> 200.0 |      1 |     68 |
| 200.0 <> 200.5 |      2 |    136 |
| 200.5 <> 201.0 |      1 |     68 |
| 201.0 <> 201.5 |      1 |     68 |
| 201.5 <> 202.0 |      7 |    530 |
| 202.0 <> 202.5 |      0 |      0 |
| 202.5 <> 203.0 |      0 |      0 |
| 203.0 <> 203.5 |      0 |      0 |
| 203.5 <> 204.0 |      1 |     83 |
| 204.0 <> 204.5 |      2 |    191 |
| 204.5 <> 205.0 |      3 |    831 |
| 205.0 <> 205.5 |      6 |    472 |
| 205.5 <> 206.0 |      6 |   1014 |
| 206.0 <> 206.5 |      0 |      0 |
| 206.5 <> 207.0 |      3 |    231 |
| 207.0 <> 207.5 |      0 |      0 |
| 207.5 <> 208.0 |      1 |     68 |
| 208.0 <> 208.5 |      2 |    136 |
| 208.5 <> 209.0 |      0 |      0 |
| 209.0 <> 209.5 |      0 |      0 |
| 209.5 <> 210.0 |      0 |      0 |
| 210.0 <> 210.5 |      0 |      0 |
| 210.5 <> 211.0 |      0 |      0 |
| 211.0 <> 211.5 |      1 |     76 |
| 211.5 <> 212.0 |      4 |    876 |
| 212.0 <> 212.5 |      2 |    144 |
| 212.5 <> 213.0 |      0 |      0 |
| 213.0 <> 213.5 |      5 |    524 |
| 213.5 <> 214.0 |      1 |     68 |
| 214.0 <> 214.5 |      4 |    272 |
| 214.5 <> 215.0 |      0 |      0 |
| 215.0 <> 215.5 |      0 |      0 |
| 215.5 <> 216.0 |      0 |      0 |
| 216.0 <> 216.5 |      0 |      0 |
| 216.5 <> 217.0 |      0 |      0 |
| 217.0 <> 217.5 |      0 |      0 |
| 217.5 <> 218.0 |      0 |      0 |
| 218.0 <> 218.5 |      0 |      0 |
| 218.5 <> 219.0 |      0 |      0 |
| 219.0 <> 219.5 |      0 |      0 |
| 219.5 <> 220.0 |      2 |    650 |
| 220.0 <> 220.5 |      0 |      0 |
| 220.5 <> 221.0 |      0 |      0 |
| 221.0 <> 221.5 |      0 |      0 |
| 221.5 <> 222.0 |      0 |      0 |
| 222.0 <> 222.5 |      0 |      0 |
| 222.5 <> 223.0 |      0 |      0 |
| 223.0 <> 223.5 |      0 |      0 |
| 223.5 <> 224.0 |      0 |      0 |
| 224.0 <> 224.5 |      0 |      0 |
| 224.5 <> 225.0 |      0 |      0 |
| 225.0 <> 225.5 |      0 |      0 |
| 225.5 <> 226.0 |      0 |      0 |
| 226.0 <> 226.5 |      1 |     76 |
| 226.5 <> 227.0 |      0 |      0 |
| 227.0 <> 227.5 |      0 |      0 |
| 227.5 <> 228.0 |      0 |      0 |
| 228.0 <> 228.5 |      0 |      0 |
| 228.5 <> 229.3 |      6 |   2518 |
====================================
