
==================================
| IO Statistics                  |
|                                |
| Interval size: 0.5 secs        |
| Col 1: Frames and bytes        |
|--------------------------------|
|              |1                |
| Interval
| Interval     | Frames |  Bytes |
|--------------------------------|
|  0.0 <>  0.5 |     27 |   8511 |
|  0.5 <>  1.0 |      0 |      0 |
|  1.0 <>  1.5 |      5 |   1413 |
|  1.5 <>  2.0 |     10 |   1823 |
|  2.0 <>  2.5 |     41 |  18314 |
|  2.5 <>  3.0 |    217 | 121244 |
|  3.0 <>  3.5 |    143 |  93570 |
|  3.5 <>  4.0 |     37 |  23799 |
|  4.0 <>  4.5 |     72 |  37274 |
|  4.5 <>  5.0 |      6 |   4015 |
|  5.0 <>  5.5 |      0 |      0 |
|  5.5 <>  6.0 |     12 |    816 |
|  6.0 <>  6.5 |     24 |   1632 |
|  6.5 <>  7.0 |      0 |      0 |
|  7.0 <>  7.5 |      0 |      0 |
|  7.5 <>  8.0 |      8 |    518 |
|  8.0 <>  8.5 |     38 |   6847 |
|  8.5 <>  9.0 |      0 |      0 |
|  9.0 <>  9.5 |      0 |      0 |
|  9.5 <> 10.0 |      0 |      0 |
| 10.0 <> 10.5 |      1 |     68 |
| 10.5 <> 11.0 |      2 |    136 |
| 11.0 <> 11.5 |      0 |      0 |
| 11.5 <> 12.0 |      0 |      0 |
| 12.0 <> 12.5 |      2 |    136 |
| 12.5 <> 13.0 |      5 |    350 |
| 13.0 <> 13.5 |      2 |    261 |
| 13.5 <> 14.0 |      7 |    656 |
| 14.0 <> 14.5 |      9 |   3721 |
| 14.5 <> 15.0 |      3 |   1561 |
| 15.0 <> 15.5 |      0 |      0 |
| 15.5 <> 16.0 |      0 |      0 |
| 16.0 <> 16.5 |      0 |      0 |
| 16.5 <> 17.0 |      0 |      0 |
| 17.0 <> 17.5 |      0 |      0 |
| 17.5 <> 18.0 |      0 |      0 |
| 18.0 <> 18.5 |      0 |      0 |
| 18.5 <> 19.0 |      0 |      0 |
| 19.0 <> 19.5 |      0 |      0 |
| 19.5 <> 20.0 |      0 |      0 |
| 20.0 <> 20.5 |      0 |      0 |
| 20.5 <> 21.0 |      0 |      0 |
| 21.0 <> 21.5 |      0 |      0 |
| 21.5 <> 22.0 |      0 |      0 |
| 22.0 <> 22.5 |      0 |      0 |
| 22.5 <> 23.0 |      0 |      0 |
| 23.0 <> 23.5 |      0 |      0 |
| 23.5 <> 24.0 |      0 |      0 |
| 24.0 <> 24.5 |      0 |      0 |
| 24.5 <> 25.0 |      0 |      0 |
| 25.0 <> 25.5 |      0 |      0 |
| 25.5 <> 26.0 |      1 |     76 |
| 26.0 <> 26.5 |      0 |      0 |
| 26.5 <> 27.0 |      0 |      0 |
| 27.0 <> 27.5 |      0 |      0 |
| 27.5 <> 28.0 |      0 |      0 |
| 28.0 <> 28.5 |      0 |      0 |
| 28.5 <> 29.0 |      4 |    431 |
| 29.0 <> 29.5 |      0 |      0 |
| 29.5 <> 30.0 |      0 |      0 |
| 30.0 <> 30.5 |      0 |      0 |
| 30.5 <> 31.0 |      2 |    310 |
| 31.0 <> 31.5 |      8 |   1512 |
| 31.5 <> 32.0 |     15 |   3810 |
| 32.0 <> 32.5 |     45 |  29096 |
| 32.5 <> 33.0 |    138 |  75572 |
| 33.0 <> 33.5 |    105 |  59976 |
| 33.5 <> 34.0 |     96 |  60374 |
| 34.0 <> 34.5 |     59 |  36370 |
| 34.5 <> 35.0 |     19 |  13174 |
| 35.0 <> 35.5 |     55 |   6697 |
| 35.5 <> 36.0 |    170 |  86783 |
| 36.0 <> 36.5 |     81 |  41428 |
| 36.5 <> 37.0 |     35 |   7764 |
| 37.0 <> 37.5 |      9 |   2848 |
| 37.5 <> 38.0 |     10 |   4658 |
| 38.0 <> 38.5 |      2 |    679 |
| 38.5 <> 39.0 |      0 |      0 |
| 39.0 <> 39.5 |     20 |   1903 |
| 39.5 <> 40.0 |     96 |  32400 |
| 40.0 <> 40.5 |    125 |  62124 |
| 40.5 <> 41.0 |    155 |  91455 |
| 41.0 <> 41.5 |     97 |  75661 |
| 41.5 <> 42.0 |     51 |  29208 |
| 42.0 <> 42.5 |     33 |  10841 |
| 42.5 <> 43.0 |     65 |  24036 |
| 43.0 <> 43.5 |     34 |   9776 |
| 43.5 <> 44.0 |    172 |  91482 |
| 44.0 <> 44.5 |    163 | 110966 |
| 44.5 <> 45.0 |    100 |  62163 |
| 45.0 <> 45.5 |     56 |  17364 |
| 45.5 <> 46.0 |     47 |  27260 |
| 46.0 <> 46.5 |     22 |  12749 |
| 46.5 <> 47.0 |     48 |  20837 |
| 47.0 <> 47.5 |    109 |  61447 |
| 47.5 <> 48.0 |    131 |  72713 |
| 48.0 <> 48.5 |     18 |  13068 |
| 48.5 <> 49.0 |     10 |   1475 |
| 49.0 <> 49.5 |     47 |  31166 |
| 49.5 <> 50.0 |    134 |  30967 |
| 50.0 <> 50.5 |    201 | 114800 |
| 50.5 <> 51.0 |    111 |  61385 |
| 51.0 <> 51.5 |    100 |  61663 |
| 51.5 <> 52.0 |     49 |  25563 |
| 52.0 <> 52.5 |     87 |  39569 |
| 52.5 <> 53.0 |    110 |  51478 |
| 53.0 <> 53.5 |    129 |  47247 |
| 53.5 <> 54.0 |    109 |  41611 |
| 54.0 <> 54.5 |     94 |  51786 |
| 54.5 <> 55.0 |    103 |  65020 |
| 55.0 <> 55.5 |    105 |  62669 |
| 55.5 <> 56.0 |    169 |  95385 |
| 56.0 <> 56.5 |      7 |    479 |
| 56.5 <> 57.0 |      6 |   2218 |
| 57.0 <> 57.5 |      9 |   4703 |
| 57.5 <> 58.0 |      9 |   1030 |
| 58.0 <> 58.5 |     19 |   1342 |
| 58.5 <> 59.0 |      0 |      0 |
| 59.0 <> 59.5 |      2 |    151 |
| 59.5 <> 60.0 |      2 |    136 |
| 60.0 <> 60.5 |      2 |    151 |
| 60.5 <> 61.0 |      0 |      0 |
| 61.0 <> 61.5 |      0 |      0 |
| 61.5 <> 62.0 |      0 |      0 |
| 62.0 <> 62.5 |      0 |      0 |
| 62.5 <> 63.0 |      7 |   1530 |
| 63.0 <> 63.5 |     53 |  28291 |
| 63.5 <> 64.0 |     34 |  12837 |
| 64.0 <> 64.5 |      6 |   1395 |
| 64.5 <> 65.0 |      7 |    668 |
| 65.0 <> 65.5 |      4 |    272 |
| 65.5 <> 66.0 |      2 |    136 |
| 66.0 <> 66.5 |      0 |      0 |
| 66.5 <> 67.0 |      0 |      0 |
| 67.0 <> 67.5 |      8 |    544 |
| 67.5 <> 68.0 |     13 |    908 |
| 68.0 <> 68.5 |      0 |      0 |
| 68.5 <> 69.0 |      0 |      0 |
| 69.0 <> 69.5 |      0 |      0 |
| 69.5 <> 70.0 |      0 |      0 |
| 70.0 <> 70.7 |      0 |      0 |
==================================
