
====================================
| IO Statistics                    |
|                                  |
| Interval size: 0.5 secs          |
| Col 1: Frames and bytes          |
|----------------------------------|
|                |1                |
| Interval
| Interval       | Frames |  Bytes |
|----------------------------------|
|   0.0 <>   0.5 |      8 |   1232 |
|   0.5 <>   1.0 |      1 |    530 |
|   1.0 <>   1.5 |     19 |   2732 |
|   1.5 <>   2.0 |     20 |  11539 |
|   2.0 <>   2.5 |     12 |   5015 |
|   2.5 <>   3.0 |     36 |  15644 |
|   3.0 <>   3.5 |      3 |    228 |
|   3.5 <>   4.0 |     20 |   4838 |
|   4.0 <>   4.5 |     29 |  13064 |
|   4.5 <>   5.0 |     46 |  17694 |
|   5.0 <>   5.5 |     62 |  41172 |
|   5.5 <>   6.0 |     70 |  51272 |
|   6.0 <>   6.5 |    110 |  80535 |
|   6.5 <>   7.0 |     36 |  29808 |
|   7.0 <>   7.5 |     27 |  16884 |
|   7.5 <>   8.0 |     98 |  74012 |
|   8.0 <>   8.5 |     23 |  13368 |
|   8.5 <>   9.0 |      7 |   4616 |
|   9.0 <>   9.5 |      9 |   4752 |
|   9.5 <>  10.0 |      3 |   1584 |
|  10.0 <>  10.5 |      0 |      0 |
|  10.5 <>  11.0 |      2 |    344 |
|  11.0 <>  11.5 |      5 |    340 |
|  11.5 <>  12.0 |      7 |   3236 |
|  12.0 <>  12.5 |      6 |   1996 |
|  12.5 <>  13.0 |      3 |    213 |
|  13.0 <>  13.5 |      4 |   3032 |
|  13.5 <>  14.0 |      0 |      0 |
|  14.0 <>  14.5 |      3 |   1584 |
|  14.5 <>  15.0 |      4 |   2323 |
|  15.0 <>  15.5 |      0 |      0 |
|  15.5 <>  16.0 |      0 |      0 |
|  16.0 <>  16.5 |      1 |     68 |
|  16.5 <>  17.0 |      0 |      0 |
|  17.0 <>  17.5 |      0 |      0 |
|  17.5 <>  18.0 |      1 |     77 |
|  18.0 <>  18.5 |      0 |      0 |
|  18.5 <>  19.0 |      0 |      0 |
|  19.0 <>  19.5 |      0 |      0 |
|  19.5 <>  20.0 |      1 |     68 |
|  20.0 <>  20.5 |      2 |    136 |
|  20.5 <>  21.0 |      2 |    136 |
|  21.0 <>  21.5 |      0 |      0 |
|  21.5 <>  22.0 |      0 |      0 |
|  22.0 <>  22.5 |      0 |      0 |
|  22.5 <>  23.0 |      3 |   1593 |
|  23.0 <>  23.5 |      0 |      0 |
|  23.5 <>  24.0 |      3 |   1584 |
|  24.0 <>  24.5 |      2 |   1516 |
|  24.5 <>  25.0 |      0 |      0 |
|  25.0 <>  25.5 |      2 |   1516 |
|  25.5 <>  26.0 |      0 |      0 |
|  26.0 <>  26.5 |      4 |   1860 |
|  26.5 <>  27.0 |     27 |  11508 |
|  27.0 <>  27.5 |     21 |  14198 |
|  27.5 <>  28.0 |     15 |   9543 |
|  28.0 <>  28.5 |      8 |   6064 |
|  28.5 <>  29.0 |     10 |   7580 |
|  29.0 <>  29.5 |     18 |   7901 |
|  29.5 <>  30.0 |     27 |  16928 |
|  30.0 <>  30.5 |     59 |   7309 |
|  30.5 <>  31.0 |      0 |      0 |
|  31.0 <>  31.5 |     12 |   2277 |
|  31.5 <>  32.0 |      1 |     68 |
|  32.0 <>  32.5 |      6 |   1149 |
|  32.5 <>  33.0 |     13 |   3359 |
|  33.0 <>  33.5 |      2 |    890 |
|  33.5 <>  34.0 |     16 |   5819 |
|  34.0 <>  34.5 |     32 |  16937 |
|  34.5 <>  35.0 |      5 |   2038 |
|  35.0 <>  35.5 |     15 |   7859 |
|  35.5 <>  36.0 |     48 |  27350 |
|  36.0 <>  36.5 |     19 |   9243 |
|  36.5 <>  37.0 |      0 |      0 |
|  37.0 <>  37.5 |      0 |      0 |
|  37.5 <>  38.0 |     10 |    680 |
|  38.0 <>  38.5 |      2 |    136 |
|  38.5 <>  39.0 |      0 |      0 |
|  39.0 <>  39.5 |      0 |      0 |
|  39.5 <>  40.0 |      8 |    496 |
|  40.0 <>  40.5 |      5 |    316 |
|  40.5 <>  41.0 |      0 |      0 |
|  41.0 <>  41.5 |      0 |      0 |
|  41.5 <>  42.0 |      0 |      0 |
|  42.0 <>  42.5 |      0 |      0 |
|  42.5 <>  43.0 |      0 |      0 |
|  43.0 <>  43.5 |      0 |      0 |
|  43.5 <>  44.0 |      0 |      0 |
|  44.0 <>  44.5 |      0 |      0 |
|  44.5 <>  45.0 |      0 |      0 |
|  45.0 <>  45.5 |      0 |      0 |
|  45.5 <>  46.0 |      0 |      0 |
|  46.0 <>  46.5 |      0 |      0 |
|  46.5 <>  47.0 |      0 |      0 |
|  47.0 <>  47.5 |      0 |      0 |
|  47.5 <>  48.0 |      1 |     76 |
|  48.0 <>  48.5 |      0 |      0 |
|  48.5 <>  49.0 |      0 |      0 |
|  49.0 <>  49.5 |      0 |      0 |
|  49.5 <>  50.0 |      0 |      0 |
|  50.0 <>  50.5 |      0 |      0 |
|  50.5 <>  51.0 |      0 |      0 |
|  51.0 <>  51.5 |      0 |      0 |
|  51.5 <>  52.0 |      1 |     76 |
|  52.0 <>  52.5 |      0 |      0 |
|  52.5 <>  53.0 |      5 |    519 |
|  53.0 <>  53.5 |      1 |     68 |
|  53.5 <>  54.0 |      0 |      0 |
|  54.0 <>  54.5 |      0 |      0 |
|  54.5 <>  55.0 |      0 |      0 |
|  55.0 <>  55.5 |      7 |   1092 |
|  55.5 <>  56.0 |     11 |   1851 |
|  56.0 <>  56.5 |      9 |   2180 |
|  56.5 <>  57.0 |     25 |  15412 |
|  57.0 <>  57.5 |     61 |  37499 |
|  57.5 <>  58.0 |     16 |   2538 |
|  58.0 <>  58.5 |     21 |  15108 |
|  58.5 <>  59.0 |      5 |   2729 |
|  59.0 <>  59.5 |      4 |   1167 |
|  59.5 <>  60.0 |     15 |   6062 |
|  60.0 <>  60.5 |     15 |   7936 |
|  60.5 <>  61.0 |     14 |   1036 |
|  61.0 <>  61.5 |      0 |      0 |
|  61.5 <>  62.0 |     55 |  21097 |
|  62.0 <>  62.5 |     12 |   1970 |
|  62.5 <>  63.0 |     47 |  23298 |
|  63.0 <>  63.5 |      6 |    653 |
|  63.5 <>  64.0 |      9 |   2328 |
|  64.0 <>  64.5 |      4 |    248 |
|  64.5 <>  65.0 |      7 |   1036 |
|  65.0 <>  65.5 |     24 |  15613 |
|  65.5 <>  66.0 |      8 |    564 |
|  66.0 <>  66.5 |      8 |   1287 |
|  66.5 <>  67.0 |     22 |   3739 |
|  67.0 <>  67.5 |     35 |  24216 |
|  67.5 <>  68.0 |     33 |  12189 |
|  68.0 <>  68.5 |     13 |   3685 |
|  68.5 <>  69.0 |     29 |  18761 |
|  69.0 <>  69.5 |     28 |  15864 |
|  69.5 <>  70.0 |      5 |    695 |
|  70.0 <>  70.5 |     32 |  23072 |
|  70.5 <>  71.0 |     20 |  14045 |
|  71.0 <>  71.5 |     37 |  24088 |
|  71.5 <>  72.0 |     46 |   5439 |
|  72.0 <>  72.5 |     76 |  33933 |
|  72.5 <>  73.0 |      3 |    427 |
|  73.0 <>  73.5 |     35 |  14951 |
|  73.5 <>  74.0 |     25 |  14381 |
|  74.0 <>  74.5 |     65 |  37436 |
|  74.5 <>  75.0 |     60 |  38830 |
|  75.0 <>  75.5 |     21 |  11293 |
|  75.5 <>  76.0 |     45 |  12005 |
|  76.0 <>  76.5 |     70 |  34234 |
|  76.5 <>  77.0 |     64 |  16012 |
|  77.0 <>  77.5 |     73 |  34819 |
|  77.5 <>  78.0 |     87 |  45393 |
|  78.0 <>  78.5 |    173 | 111162 |
|  78.5 <>  79.0 |     66 |  46919 |
|  79.0 <>  79.5 |     38 |   7455 |
|  79.5 <>  80.0 |     26 |   9667 |
|  80.0 <>  80.5 |     52 |  17076 |
|  80.5 <>  81.0 |     28 |   1925 |
|  81.0 <>  81.5 |      0 |      0 |
|  81.5 <>  82.0 |     27 |   6222 |
|  82.0 <>  82.5 |     90 |  38888 |
|  82.5 <>  83.0 |     43 |  11861 |
|  83.0 <>  83.5 |     28 |  11384 |
|  83.5 <>  84.0 |      0 |      0 |
|  84.0 <>  84.5 |      0 |      0 |
|  84.5 <>  85.0 |      0 |      0 |
|  85.0 <>  85.5 |      0 |      0 |
|  85.5 <>  86.0 |     53 |  10334 |
|  86.0 <>  86.5 |      9 |   2702 |
|  86.5 <>  87.0 |     40 |   9305 |
|  87.0 <>  87.5 |     81 |  46605 |
|  87.5 <>  88.0 |    145 |  91901 |
|  88.0 <>  88.5 |     81 |  43680 |
|  88.5 <>  89.0 |     51 |  21121 |
|  89.0 <>  89.5 |    116 |  72253 |
|  89.5 <>  90.0 |     83 |  46553 |
|  90.0 <>  90.5 |     60 |  24400 |
|  90.5 <>  91.0 |     39 |  24153 |
|  91.0 <>  91.5 |     24 |  12027 |
|  91.5 <>  92.0 |     15 |   1074 |
|  92.0 <>  92.5 |     22 |   6163 |
|  92.5 <>  93.0 |      5 |   1056 |
|  93.0 <>  93.5 |      0 |      0 |
|  93.5 <>  94.0 |      2 |    136 |
|  94.0 <>  94.5 |      4 |    272 |
|  94.5 <>  95.0 |      0 |      0 |
|  95.0 <>  95.5 |      0 |      0 |
|  95.5 <>  96.0 |      1 |     68 |
|  96.0 <>  96.5 |      0 |      0 |
|  96.5 <>  97.0 |      3 |    218 |
|  97.0 <>  97.5 |      0 |      0 |
|  97.5 <>  98.0 |      0 |      0 |
|  98.0 <>  98.5 |      0 |      0 |
|  98.5 <>  99.0 |      0 |      0 |
|  99.0 <>  99.5 |      1 |     89 |
|  99.5 <> 100.0 |      0 |      0 |
| 100.0 <> 100.5 |      0 |      0 |
| 100.5 <> 101.0 |      0 |      0 |
| 101.0 <> 101.5 |      2 |    281 |
| 101.5 <> 102.0 |      5 |   2131 |
| 102.0 <> 102.5 |      7 |    985 |
| 102.5 <> 103.0 |     28 |  16562 |
| 103.0 <> 103.5 |     28 |  15415 |
| 103.5 <> 104.0 |     31 |  28301 |
| 104.0 <> 104.5 |     20 |   2958 |
| 104.5 <> 105.0 |     13 |   4728 |
| 105.0 <> 105.5 |      3 |   1028 |
| 105.5 <> 106.0 |      6 |    917 |
| 106.0 <> 106.5 |      3 |    229 |
| 106.5 <> 107.0 |      6 |    421 |
| 107.0 <> 107.5 |      0 |      0 |
| 107.5 <> 108.0 |      0 |      0 |
| 108.0 <> 108.5 |    131 |  48285 |
| 108.5 <> 109.0 |     20 |  10932 |
| 109.0 <> 109.5 |     20 |  11192 |
| 109.5 <> 110.0 |     14 |   6121 |
| 110.0 <> 110.5 |     20 |   9246 |
| 110.5 <> 111.0 |     28 |  13109 |
| 111.0 <> 111.5 |     58 |  40615 |
| 111.5 <> 112.0 |     16 |   8226 |
| 112.0 <> 112.5 |     15 |   5693 |
| 112.5 <> 113.0 |      4 |   3032 |
| 113.0 <> 113.5 |     22 |  14689 |
| 113.5 <> 114.0 |      0 |      0 |
| 114.0 <> 114.5 |     24 |   6878 |
| 114.5 <> 115.0 |     30 |  16951 |
| 115.0 <> 115.5 |     20 |   6833 |
| 115.5 <> 116.0 |     40 |   3136 |
| 116.0 <> 116.5 |      3 |    204 |
| 116.5 <> 117.0 |      0 |      0 |
| 117.0 <> 117.5 |     13 |    892 |
| 117.5 <> 118.0 |     18 |   1864 |
| 118.0 <> 118.5 |      6 |    592 |
| 118.5 <> 119.0 |      3 |    204 |
| 119.0 <> 119.5 |      2 |    136 |
| 119.5 <> 120.0 |      0 |      0 |
| 120.0 <> 120.5 |      1 |     68 |
| 120.5 <> 121.0 |      0 |      0 |
| 121.0 <> 121.5 |      1 |     68 |
| 121.5 <> 122.0 |      0 |      0 |
| 122.0 <> 122.5 |      0 |      0 |
| 122.5 <> 123.0 |      0 |      0 |
| 123.0 <> 123.5 |      0 |      0 |
| 123.5 <> 124.0 |      0 |      0 |
| 124.0 <> 124.5 |      0 |      0 |
| 124.5 <> 125.0 |      0 |      0 |
| 125.0 <> 125.5 |      0 |      0 |
| 125.5 <> 126.0 |      0 |      0 |
| 126.0 <> 126.5 |      1 |     76 |
| 126.5 <> 127.0 |      3 |    363 |
| 127.0 <> 127.5 |      0 |      0 |
| 127.5 <> 128.0 |      2 |    157 |
| 128.0 <> 128.5 |      7 |   2434 |
| 128.5 <> 129.0 |      3 |    560 |
| 129.0 <> 129.5 |      0 |      0 |
| 129.5 <> 130.0 |      2 |    504 |
| 130.0 <> 130.5 |      3 |    378 |
| 130.5 <> 131.0 |      1 |     68 |
| 131.0 <> 131.5 |      2 |    504 |
| 131.5 <> 132.0 |      2 |    322 |
| 132.0 <> 132.5 |      1 |     77 |
| 132.5 <> 133.0 |      0 |      0 |
| 133.0 <> 133.5 |      1 |     68 |
| 133.5 <> 134.0 |      0 |      0 |
| 134.0 <> 134.5 |      0 |      0 |
| 134.5 <> 135.0 |      2 |    322 |
| 135.0 <> 135.5 |      7 |    521 |
| 135.5 <> 136.0 |      4 |   2223 |
| 136.0 <> 136.5 |     15 |   1950 |
| 136.5 <> 137.0 |      0 |      0 |
| 137.0 <> 137.5 |      0 |      0 |
| 137.5 <> 138.0 |      2 |    547 |
| 138.0 <> 138.5 |      0 |      0 |
| 138.5 <> 139.0 |      1 |     56 |
| 139.0 <> 139.5 |      0 |      0 |
| 139.5 <> 140.0 |      2 |    547 |
| 140.0 <> 140.5 |      0 |      0 |
| 140.5 <> 141.0 |      0 |      0 |
| 141.0 <> 141.5 |      1 |     80 |
| 141.5 <> 142.0 |      0 |      0 |
| 142.0 <> 142.5 |      0 |      0 |
| 142.5 <> 143.0 |      0 |      0 |
| 143.0 <> 143.5 |      1 |     56 |
| 143.5 <> 144.0 |      0 |      0 |
| 144.0 <> 144.5 |      5 |    715 |
| 144.5 <> 145.0 |      0 |      0 |
| 145.0 <> 145.5 |      7 |   2965 |
| 145.5 <> 146.0 |      0 |      0 |
| 146.0 <> 146.5 |      0 |      0 |
| 146.5 <> 147.0 |      9 |   6084 |
| 147.0 <> 147.5 |     21 |  10135 |
| 147.5 <> 148.0 |      1 |     76 |
| 148.0 <> 148.5 |      0 |      0 |
| 148.5 <> 149.0 |      0 |      0 |
| 149.0 <> 149.5 |      0 |      0 |
| 149.5 <> 150.0 |      2 |   1516 |
| 150.0 <> 150.5 |      8 |    588 |
| 150.5 <> 151.0 |      1 |     76 |
| 151.0 <> 151.5 |      0 |      0 |
| 151.5 <> 152.0 |      1 |     56 |
| 152.0 <> 152.5 |      0 |      0 |
| 152.5 <> 153.0 |      0 |      0 |
| 153.0 <> 153.5 |      0 |      0 |
| 153.5 <> 154.0 |      0 |      0 |
| 154.0 <> 154.5 |      1 |     56 |
| 154.5 <> 155.0 |      0 |      0 |
| 155.0 <> 155.5 |      0 |      0 |
| 155.5 <> 156.0 |      0 |      0 |
| 156.0 <> 156.5 |     30 |  14125 |
| 156.5 <> 157.0 |     26 |  12898 |
| 157.0 <> 157.5 |     41 |   9921 |
| 157.5 <> 158.0 |     10 |    780 |
| 158.0 <> 158.5 |      1 |     68 |
| 158.5 <> 159.0 |      0 |      0 |
| 159.0 <> 159.5 |      4 |   1665 |
| 159.5 <> 160.0 |     14 |   1086 |
| 160.0 <> 160.5 |     24 |  15557 |
| 160.5 <> 161.0 |      1 |     68 |
| 161.0 <> 161.5 |      0 |      0 |
| 161.5 <> 162.0 |      0 |      0 |
| 162.0 <> 162.5 |      1 |     68 |
| 162.5 <> 163.0 |      0 |      0 |
| 163.0 <> 163.5 |      0 |      0 |
| 163.5 <> 164.0 |      0 |      0 |
| 164.0 <> 164.5 |      0 |      0 |
| 164.5 <> 165.0 |      1 |     68 |
| 165.0 <> 165.5 |      5 |    340 |
| 165.5 <> 166.0 |      8 |   3280 |
| 166.0 <> 166.5 |     48 |  27888 |
| 166.5 <> 167.0 |      5 |   1296 |
| 167.0 <> 167.5 |      0 |      0 |
| 167.5 <> 168.0 |      0 |      0 |
| 168.0 <> 168.5 |      0 |      0 |
| 168.5 <> 169.0 |      1 |     68 |
| 169.0 <> 169.5 |      2 |    136 |
| 169.5 <> 170.0 |      0 |      0 |
| 170.0 <> 170.5 |      0 |      0 |
| 170.5 <> 171.0 |      0 |      0 |
| 171.0 <> 171.5 |      0 |      0 |
| 171.5 <> 172.0 |      1 |     56 |
| 172.0 <> 172.5 |      0 |      0 |
| 172.5 <> 173.0 |      0 |      0 |
| 173.0 <> 173.5 |      0 |      0 |
| 173.5 <> 174.0 |      0 |      0 |
| 174.0 <> 174.5 |      0 |      0 |
| 174.5 <> 175.0 |      0 |      0 |
| 175.0 <> 175.5 |      0 |      0 |
| 175.5 <> 176.0 |      0 |      0 |
| 176.0 <> 176.5 |      0 |      0 |
| 176.5 <> 177.0 |      0 |      0 |
| 177.0 <> 177.5 |      0 |      0 |
| 177.5 <> 178.0 |      0 |      0 |
| 178.0 <> 178.5 |      0 |      0 |
| 178.5 <> 179.0 |      0 |      0 |
| 179.0 <> 179.5 |      0 |      0 |
| 179.5 <> 180.0 |      0 |      0 |
| 180.0 <> 180.5 |      0 |      0 |
| 180.5 <> 181.0 |      0 |      0 |
| 181.0 <> 181.5 |      0 |      0 |
| 181.5 <> 182.0 |      0 |      0 |
| 182.0 <> 182.5 |      0 |      0 |
| 182.5 <> 183.0 |      0 |      0 |
| 183.0 <> 183.5 |      0 |      0 |
| 183.5 <> 184.0 |      0 |      0 |
| 184.0 <> 184.5 |      4 |   5744 |
| 184.5 <> 185.0 |      0 |      0 |
| 185.0 <> 185.5 |      0 |      0 |
| 185.5 <> 186.0 |      0 |      0 |
| 186.0 <> 186.5 |      0 |      0 |
| 186.5 <> 187.0 |      2 |    286 |
| 187.0 <> 187.5 |      2 |    707 |
| 187.5 <> 188.0 |      5 |   2039 |
| 188.0 <> 188.5 |     14 |   5652 |
| 188.5 <> 189.0 |     11 |   7588 |
| 189.0 <> 189.5 |     14 |   8761 |
| 189.5 <> 190.0 |     10 |   7520 |
| 190.0 <> 190.5 |     21 |  15108 |
| 190.5 <> 191.0 |     43 |  32237 |
| 191.0 <> 191.5 |     19 |   7376 |
| 191.5 <> 192.0 |     14 |   6041 |
| 192.0 <> 192.5 |     37 |  12151 |
| 192.5 <> 193.0 |     13 |   3966 |
| 193.0 <> 193.5 |     31 |  17453 |
| 193.5 <> 194.0 |     49 |  29841 |
| 194.0 <> 194.5 |     25 |   9225 |
| 194.5 <> 195.0 |     37 |  28564 |
| 195.0 <> 195.5 |     22 |   9844 |
| 195.5 <> 196.0 |      9 |    605 |
| 196.0 <> 196.5 |      6 |   2779 |
| 196.5 <> 197.0 |     11 |   4706 |
| 197.0 <> 197.5 |     29 |  14172 |
| 197.5 <> 198.0 |     12 |   4676 |
| 198.0 <> 198.5 |     25 |   9046 |
| 198.5 <> 199.0 |      8 |   2619 |
| 199.0 <> 199.5 |     15 |   7909 |
| 199.5 <> 200.0 |      3 |    457 |
| 200.0 <> 200.5 |     16 |   1674 |
| 200.5 <> 201.0 |      0 |      0 |
| 201.0 <> 201.5 |      0 |      0 |
| 201.5 <> 202.0 |      0 |      0 |
| 202.0 <> 202.5 |     10 |    680 |
| 202.5 <> 203.0 |      2 |    136 |
| 203.0 <> 203.5 |      0 |      0 |
| 203.5 <> 204.0 |      0 |      0 |
| 204.0 <> 204.5 |      3 |    204 |
| 204.5 <> 205.0 |      0 |      0 |
| 205.0 <> 205.5 |      0 |      0 |
| 205.5 <> 206.0 |      0 |      0 |
| 206.0 <> 206.5 |      0 |      0 |
| 206.5 <> 207.0 |      0 |      0 |
| 207.0 <> 207.5 |      0 |      0 |
| 207.5 <> 208.0 |      0 |      0 |
| 208.0 <> 208.5 |      0 |      0 |
| 208.5 <> 209.0 |      0 |      0 |
| 209.0 <> 209.5 |      0 |      0 |
| 209.5 <> 210.0 |      0 |      0 |
| 210.0 <> 210.5 |      0 |      0 |
| 210.5 <> 211.0 |      0 |      0 |
| 211.0 <> 211.5 |      0 |      0 |
| 211.5 <> 212.0 |      0 |      0 |
| 212.0 <> 212.5 |      0 |      0 |
| 212.5 <> 213.0 |      0 |      0 |
| 213.0 <> 213.5 |      0 |      0 |
| 213.5 <> 214.0 |      0 |      0 |
| 214.0 <> 214.5 |      0 |      0 |
| 214.5 <> 215.0 |      0 |      0 |
| 215.0 <> 215.5 |      0 |      0 |
| 215.5 <> 216.0 |      0 |      0 |
| 216.0 <> 216.5 |      0 |      0 |
| 216.5 <> 217.0 |     18 |   1658 |
| 217.0 <> 217.5 |      8 |    742 |
| 217.5 <> 218.0 |      1 |     68 |
| 218.0 <> 218.5 |      0 |      0 |
| 218.5 <> 219.0 |      0 |      0 |
| 219.0 <> 219.5 |      0 |      0 |
| 219.5 <> 220.0 |      5 |    514 |
| 220.0 <> 220.5 |      4 |    322 |
| 220.5 <> 221.0 |      6 |   2305 |
| 221.0 <> 221.5 |      0 |      0 |
| 221.5 <> 222.0 |      0 |      0 |
| 222.0 <> 222.5 |     11 |   6056 |
| 222.5 <> 223.0 |     29 |  13239 |
| 223.0 <> 223.5 |     59 |  35385 |
| 223.5 <> 224.0 |     37 |  24954 |
| 224.0 <> 224.5 |      8 |   3719 |
| 224.5 <> 225.0 |     29 |  13441 |
| 225.0 <> 225.5 |     17 |  10752 |
| 225.5 <> 226.0 |     26 |  20928 |
| 226.0 <> 226.5 |     48 |  26955 |
| 226.5 <> 227.0 |     51 |  38304 |
| 227.0 <> 227.5 |     21 |  14034 |
| 227.5 <> 228.0 |     21 |   9727 |
| 228.0 <> 228.5 |     23 |  15706 |
| 228.5 <> 229.0 |     18 |   6089 |
| 229.0 <> 229.5 |     17 |   5132 |
| 229.5 <> 230.0 |     25 |  14468 |
| 230.0 <> 230.5 |     32 |   7935 |
| 230.5 <> 231.0 |     33 |  20667 |
| 231.0 <> 231.5 |     45 |  21953 |
| 231.5 <> 232.0 |     74 |  21732 |
| 232.0 <> 232.5 |    178 |  75384 |
| 232.5 <> 233.0 |     55 |  22325 |
| 233.0 <> 233.5 |     20 |   8502 |
| 233.5 <> 234.0 |     20 |   8102 |
| 234.0 <> 234.5 |      0 |      0 |
| 234.5 <> 235.0 |      4 |    729 |
| 235.0 <> 235.5 |      7 |   1290 |
| 235.5 <> 236.0 |     11 |   5281 |
| 236.0 <> 236.5 |      8 |   3245 |
| 236.5 <> 237.0 |     15 |   5352 |
| 237.0 <> 237.5 |      4 |    279 |
| 237.5 <> 238.0 |      6 |   4795 |
| 238.0 <> 238.5 |     14 |   9168 |
| 238.5 <> 239.0 |     15 |   2921 |
| 239.0 <> 239.5 |     31 |  15442 |
| 239.5 <> 240.0 |     39 |  26061 |
| 240.0 <> 240.5 |     34 |  21069 |
| 240.5 <> 241.0 |     36 |  20430 |
| 241.0 <> 241.5 |     36 |  23499 |
| 241.5 <> 242.0 |      6 |   1796 |
| 242.0 <> 242.5 |      1 |     75 |
| 242.5 <> 243.0 |      9 |   1066 |
| 243.0 <> 243.5 |      8 |   6064 |
| 243.5 <> 244.0 |      4 |   3032 |
| 244.0 <> 244.5 |      2 |   1516 |
| 244.5 <> 245.0 |      6 |   2228 |
| 245.0 <> 245.5 |     42 |  26757 |
| 245.5 <> 246.0 |      4 |    719 |
| 246.0 <> 246.5 |      5 |   1078 |
| 246.5 <> 247.0 |     31 |  20396 |
| 247.0 <> 247.5 |     11 |   6532 |
| 247.5 <> 248.0 |     28 |  19700 |
| 248.0 <> 248.5 |     33 |  20726 |
| 248.5 <> 249.0 |      5 |   3505 |
| 249.0 <> 249.5 |     16 |  11024 |
| 249.5 <> 250.0 |      2 |   1516 |
| 250.0 <> 250.5 |     18 |  22624 |
| 250.5 <> 251.0 |     12 |   5319 |
| 251.0 <> 251.5 |     10 |   3738 |
| 251.5 <> 252.0 |      3 |    606 |
| 252.0 <> 252.5 |      5 |    803 |
| 252.5 <> 253.0 |      2 |    136 |
| 253.0 <> 253.5 |     87 |  14653 |
| 253.5 <> 254.0 |      5 |    738 |
| 254.0 <> 254.5 |     10 |   3716 |
| 254.5 <> 255.0 |      1 |    522 |
| 255.0 <> 255.5 |      5 |   2511 |
| 255.5 <> 256.0 |     16 |   5033 |
| 256.0 <> 256.5 |      2 |    150 |
| 256.5 <> 257.0 |      0 |      0 |
| 257.0 <> 257.5 |      1 |     75 |
| 257.5 <> 258.0 |      0 |      0 |
| 258.0 <> 258.5 |      2 |    151 |
| 258.5 <> 259.0 |      1 |     56 |
| 259.0 <> 259.5 |      1 |     68 |
| 259.5 <> 260.0 |      0 |      0 |
| 260.0 <> 260.5 |      2 |    150 |
| 260.5 <> 261.0 |      2 |    145 |
| 261.0 <> 261.5 |      1 |     82 |
| 261.5 <> 262.0 |      2 |    136 |
| 262.0 <> 262.5 |      1 |     75 |
| 262.5 <> 263.0 |      0 |      0 |
| 263.0 <> 263.5 |      1 |     83 |
| 263.5 <> 264.0 |      0 |      0 |
| 264.0 <> 264.5 |      0 |      0 |
| 264.5 <> 265.0 |      0 |      0 |
| 265.0 <> 265.5 |      2 |    150 |
| 265.5 <> 266.0 |      3 |    662 |
| 266.0 <> 266.5 |      1 |     82 |
| 266.5 <> 267.0 |      0 |      0 |
| 267.0 <> 267.5 |      2 |    143 |
| 267.5 <> 268.0 |      0 |      0 |
| 268.0 <> 268.5 |      2 |    151 |
| 268.5 <> 269.0 |      1 |    501 |
| 269.0 <> 269.5 |      4 |    705 |
| 269.5 <> 270.0 |      0 |      0 |
| 270.0 <> 270.5 |      3 |    218 |
| 270.5 <> 271.0 |      3 |   1581 |
| 271.0 <> 271.5 |      3 |   1566 |
| 271.5 <> 272.0 |      1 |     68 |
| 272.0 <> 272.5 |      1 |     75 |
| 272.5 <> 273.0 |      1 |     68 |
| 273.0 <> 273.5 |      2 |    607 |
| 273.5 <> 274.0 |      0 |      0 |
| 274.0 <> 274.5 |      0 |      0 |
| 274.5 <> 275.0 |      0 |      0 |
| 275.0 <> 275.5 |      1 |     82 |
| 275.5 <> 276.0 |      1 |     77 |
| 276.0 <> 276.5 |    151 |  48472 |
| 276.5 <> 277.0 |      1 |     56 |
| 277.0 <> 277.5 |     19 |  11747 |
| 277.5 <> 278.0 |      6 |   4512 |
| 278.0 <> 278.5 |     27 |  18412 |
| 278.5 <> 279.0 |     22 |  13211 |
| 279.0 <> 279.5 |      2 |    112 |
| 279.5 <> 280.0 |      4 |    236 |
| 280.0 <> 280.5 |      3 |    194 |
| 280.5 <> 281.0 |      7 |   4589 |
| 281.0 <> 281.5 |      1 |     82 |
| 281.5 <> 282.0 |      3 |    192 |
| 282.0 <> 282.5 |      5 |    347 |
| 282.5 <> 283.0 |      2 |    124 |
| 283.0 <> 283.5 |      9 |   4731 |
| 283.5 <> 284.0 |      5 |   1708 |
| 284.0 <> 284.5 |      6 |    810 |
| 284.5 <> 285.0 |      0 |      0 |
| 285.0 <> 285.5 |      2 |   1518 |
| 285.5 <> 286.0 |      1 |     77 |
| 286.0 <> 286.5 |      1 |     82 |
| 286.5 <> 287.0 |     18 |  23514 |
| 287.0 <> 287.5 |      1 |     75 |
| 287.5 <> 288.0 |      0 |      0 |
| 288.0 <> 288.5 |      1 |     83 |
| 288.5 <> 289.0 |      0 |      0 |
| 289.0 <> 289.5 |      0 |      0 |
| 289.5 <> 290.0 |      0 |      0 |
| 290.0 <> 290.5 |      1 |     82 |
| 290.5 <> 291.0 |      1 |     77 |
| 291.0 <> 291.5 |      1 |     82 |
| 291.5 <> 292.0 |      1 |     68 |
| 292.0 <> 292.5 |      5 |    347 |
| 292.5 <> 293.0 |      4 |    272 |
| 293.0 <> 293.5 |      3 |   1587 |
| 293.5 <> 294.0 |      2 |    136 |
| 294.0 <> 294.5 |      0 |      0 |
| 294.5 <> 295.0 |      5 |    328 |
| 295.0 <> 295.5 |      1 |     82 |
| 295.5 <> 296.0 |      1 |     77 |
| 296.0 <> 296.5 |      1 |     82 |
| 296.5 <> 297.0 |      4 |    686 |
| 297.0 <> 297.5 |      2 |    143 |
| 297.5 <> 298.0 |      0 |      0 |
| 298.0 <> 298.5 |      1 |     83 |
| 298.5 <> 299.0 |     10 |   6152 |
| 299.0 <> 299.5 |      4 |    272 |
| 299.5 <> 300.0 |     22 |  10129 |
| 300.0 <> 300.5 |      2 |    150 |
| 300.5 <> 301.0 |      6 |    417 |
| 301.0 <> 301.5 |      1 |     82 |
| 301.5 <> 302.0 |      2 |    136 |
| 302.0 <> 302.5 |      4 |    681 |
| 302.5 <> 303.0 |      2 |    538 |
| 303.0 <> 303.5 |      1 |     83 |
| 303.5 <> 304.0 |      0 |      0 |
| 304.0 <> 304.5 |      3 |    192 |
| 304.5 <> 305.0 |      0 |      0 |
| 305.0 <> 305.5 |      1 |     82 |
| 305.5 <> 306.0 |      2 |    145 |
| 306.0 <> 306.5 |      2 |    150 |
| 306.5 <> 307.0 |      2 |    569 |
| 307.0 <> 307.5 |      1 |     75 |
| 307.5 <> 308.0 |      3 |    649 |
| 308.0 <> 308.5 |      4 |    263 |
| 308.5 <> 309.0 |     18 |   9432 |
| 309.0 <> 309.5 |     10 |   2048 |
| 309.5 <> 310.0 |     16 |   7928 |
| 310.0 <> 310.5 |     16 |   5194 |
| 310.5 <> 311.0 |     10 |   7389 |
| 311.0 <> 311.5 |     11 |   2421 |
| 311.5 <> 312.0 |     23 |   8259 |
| 312.0 <> 312.5 |     12 |   1822 |
| 312.5 <> 313.0 |      1 |     68 |
| 313.0 <> 313.5 |      3 |    219 |
| 313.5 <> 314.0 |      7 |   1828 |
| 314.0 <> 314.5 |      4 |    512 |
| 314.5 <> 315.0 |      6 |   1174 |
| 315.0 <> 315.5 |      4 |   1654 |
| 315.5 <> 316.0 |      2 |    145 |
| 316.0 <> 316.5 |      8 |    686 |
| 316.5 <> 317.0 |      1 |     68 |
| 317.0 <> 317.5 |      2 |    136 |
| 317.5 <> 318.0 |      2 |    136 |
| 318.0 <> 318.5 |     15 |   2619 |
| 318.5 <> 319.0 |      8 |    946 |
| 319.0 <> 319.5 |     16 |   1452 |
| 319.5 <> 320.0 |     13 |   1234 |
| 320.0 <> 320.5 |      4 |    272 |
| 320.5 <> 321.0 |     14 |   1770 |
| 321.0 <> 321.5 |     13 |   1330 |
| 321.5 <> 322.0 |     19 |   1280 |
| 322.0 <> 322.5 |     13 |    836 |
| 322.5 <> 323.0 |      3 |    204 |
| 323.0 <> 323.5 |     13 |    899 |
| 323.5 <> 324.0 |     34 |   2862 |
| 324.0 <> 324.5 |     31 |   4750 |
| 324.5 <> 325.0 |      7 |    476 |
| 325.0 <> 325.5 |     13 |    848 |
| 325.5 <> 326.0 |      2 |    136 |
| 326.0 <> 326.5 |     11 |   1246 |
| 326.5 <> 327.0 |     10 |    920 |
| 327.0 <> 327.5 |      7 |   1832 |
| 327.5 <> 328.0 |      0 |      0 |
| 328.0 <> 328.5 |      1 |     83 |
| 328.5 <> 329.0 |      4 |    660 |
| 329.0 <> 329.5 |      0 |      0 |
| 329.5 <> 330.0 |      0 |      0 |
| 330.0 <> 330.5 |      2 |    514 |
| 330.5 <> 331.0 |      0 |      0 |
| 331.0 <> 331.5 |      2 |    180 |
| 331.5 <> 332.0 |      9 |    596 |
| 332.0 <> 332.5 |     57 |   4438 |
| 332.5 <> 333.0 |     37 |   7214 |
| 333.0 <> 333.5 |     18 |   3274 |
| 333.5 <> 334.0 |      2 |    136 |
| 334.0 <> 334.5 |      0 |      0 |
| 334.5 <> 335.0 |      0 |      0 |
| 335.0 <> 335.5 |      6 |    800 |
| 335.5 <> 336.0 |      1 |     77 |
| 336.0 <> 336.5 |      2 |    180 |
| 336.5 <> 337.0 |      0 |      0 |
| 337.0 <> 337.5 |      0 |      0 |
| 337.5 <> 338.0 |      0 |      0 |
| 338.0 <> 338.5 |      0 |      0 |
| 338.5 <> 339.0 |      0 |      0 |
| 339.0 <> 339.5 |      1 |     68 |
| 339.5 <> 340.0 |      0 |      0 |
| 340.0 <> 340.5 |      4 |    352 |
| 340.5 <> 341.0 |      1 |     77 |
| 341.0 <> 341.5 |      2 |    180 |
| 341.5 <> 342.0 |      2 |    136 |
| 342.0 <> 342.5 |      6 |    768 |
| 342.5 <> 343.0 |      4 |    600 |
| 343.0 <> 343.5 |      0 |      0 |
| 343.5 <> 344.0 |      5 |    970 |
| 344.0 <> 344.5 |      6 |    384 |
| 344.5 <> 345.0 |      3 |    192 |
| 345.0 <> 345.5 |     15 |   6198 |
| 345.5 <> 346.0 |      8 |    811 |
| 346.0 <> 346.5 |      7 |   1832 |
| 346.5 <> 347.0 |      8 |   2670 |
| 347.0 <> 347.5 |      2 |    136 |
| 347.5 <> 348.0 |      1 |     68 |
| 348.0 <> 348.5 |      2 |    136 |
| 348.5 <> 349.0 |      4 |    272 |
| 349.0 <> 349.5 |      6 |    786 |
| 349.5 <> 350.0 |      9 |    668 |
| 350.0 <> 350.5 |     11 |    772 |
| 350.5 <> 351.0 |     34 |   6065 |
| 351.0 <> 351.5 |     53 |   8341 |
| 351.5 <> 352.0 |     43 |   7819 |
| 352.0 <> 352.5 |     70 |  17990 |
| 352.5 <> 353.0 |     75 |  36568 |
| 353.0 <> 353.5 |     67 |  36702 |
| 353.5 <> 354.0 |     25 |   3198 |
| 354.0 <> 354.5 |     59 |  23385 |
| 354.5 <> 355.0 |     65 |  28545 |
| 355.0 <> 355.5 |     69 |  22327 |
| 355.5 <> 356.0 |     20 |   5517 |
| 356.0 <> 356.5 |     15 |   3314 |
| 356.5 <> 357.0 |     81 |  21932 |
| 357.0 <> 357.5 |     50 |  26898 |
| 357.5 <> 358.0 |     50 |  26865 |
| 358.0 <> 358.5 |      3 |    874 |
| 358.5 <> 359.0 |     13 |   1207 |
| 359.0 <> 359.5 |      3 |    204 |
| 359.5 <> 360.0 |      0 |      0 |
| 360.0 <> 360.5 |      1 |     56 |
| 360.5 <> 361.0 |     25 |   1688 |
| 361.0 <> 361.5 |      0 |      0 |
| 361.5 <> 362.0 |      3 |    204 |
| 362.0 <> 362.5 |      0 |      0 |
| 362.5 <> 363.0 |      0 |      0 |
| 363.0 <> 363.5 |      0 |      0 |
| 363.5 <> 364.0 |      0 |      0 |
| 364.0 <> 364.5 |      0 |      0 |
| 364.5 <> 365.0 |      0 |      0 |
| 365.0 <> 365.5 |      0 |      0 |
| 365.5 <> 366.0 |      0 |      0 |
| 366.0 <> 366.5 |      0 |      0 |
| 366.5 <> 367.0 |      1 |     68 |
| 367.0 <> 367.5 |      2 |    136 |
| 367.5 <> 368.0 |      0 |      0 |
| 368.0 <> 368.5 |      0 |      0 |
| 368.5 <> 369.0 |      0 |      0 |
| 369.0 <> 369.5 |      0 |      0 |
| 369.5 <> 370.0 |      0 |      0 |
| 370.0 <> 370.5 |      0 |      0 |
| 370.5 <> 371.0 |      0 |      0 |
| 371.0 <> 371.5 |      0 |      0 |
| 371.5 <> 372.0 |      0 |      0 |
| 372.0 <> 372.5 |      0 |      0 |
| 372.5 <> 373.0 |      0 |      0 |
| 373.0 <> 373.5 |      0 |      0 |
| 373.5 <> 374.0 |      0 |      0 |
| 374.0 <> 374.5 |      0 |      0 |
| 374.5 <> 375.0 |      0 |      0 |
| 375.0 <> 375.5 |      0 |      0 |
| 375.5 <> 376.0 |      0 |      0 |
| 376.0 <> 376.5 |      1 |     76 |
| 376.5 <> 377.0 |      0 |      0 |
| 377.0 <> 377.5 |      0 |      0 |
| 377.5 <> 378.0 |      0 |      0 |
| 378.0 <> 378.5 |      0 |      0 |
| 378.5 <> 379.0 |      3 |    363 |
| 379.0 <> 379.5 |      1 |     68 |
| 379.5 <> 380.0 |      0 |      0 |
| 380.0 <> 380.5 |      0 |      0 |
| 380.5 <> 381.0 |      0 |      0 |
| 381.0 <> 381.5 |      2 |    310 |
| 381.5 <> 382.0 |      0 |      0 |
| 382.0 <> 382.5 |      1 |     78 |
| 382.5 <> 383.0 |      0 |      0 |
| 383.0 <> 383.5 |      0 |      0 |
| 383.5 <> 384.0 |      2 |    287 |
| 384.0 <> 384.5 |      3 |    674 |
| 384.5 <> 385.0 |      3 |    379 |
| 385.0 <> 385.5 |     10 |   1707 |
| 385.5 <> 386.0 |      9 |   2104 |
| 386.0 <> 386.5 |      3 |    212 |
| 386.5 <> 387.0 |     46 |  13286 |
| 387.0 <> 387.5 |    122 |  54736 |
| 387.5 <> 388.0 |     98 |  63866 |
| 388.0 <> 388.5 |     88 |  61983 |
| 388.5 <> 389.0 |    121 |  71240 |
| 389.0 <> 389.5 |     96 |  67283 |
| 389.5 <> 390.0 |     92 |  75699 |
| 390.0 <> 390.5 |     87 |  74065 |
| 390.5 <> 391.0 |     20 |   5031 |
| 391.0 <> 391.5 |      2 |   1516 |
| 391.5 <> 392.0 |      2 |    136 |
| 392.0 <> 392.5 |      5 |   2141 |
| 392.5 <> 393.0 |     13 |   4244 |
| 393.0 <> 393.5 |     23 |  11448 |
| 393.5 <> 394.0 |      5 |   2253 |
| 394.0 <> 394.5 |      6 |   3097 |
| 394.5 <> 395.0 |      0 |      0 |
| 395.0 <> 395.5 |      1 |     68 |
| 395.5 <> 396.0 |      3 |    204 |
| 396.0 <> 396.5 |      5 |   1740 |
| 396.5 <> 397.0 |      1 |     68 |
| 397.0 <> 397.5 |      3 |    204 |
| 397.5 <> 398.0 |      5 |    340 |
| 398.0 <> 398.5 |      3 |    204 |
| 398.5 <> 399.0 |      4 |   2085 |
| 399.0 <> 399.5 |      1 |    668 |
| 399.5 <> 400.0 |     10 |   6212 |
| 400.0 <> 400.5 |     10 |   6003 |
| 400.5 <> 401.0 |      1 |    601 |
| 401.0 <> 401.5 |      4 |   1199 |
| 401.5 <> 402.0 |      4 |   2205 |
| 402.0 <> 402.5 |      5 |   1970 |
| 402.5 <> 403.0 |      2 |   1516 |
| 403.0 <> 403.5 |      0 |      0 |
| 403.5 <> 404.0 |      3 |    216 |
| 404.0 <> 404.5 |      0 |      0 |
| 404.5 <> 405.0 |      1 |     68 |
| 405.0 <> 405.5 |      1 |     68 |
| 405.5 <> 406.0 |      3 |    204 |
| 406.0 <> 406.5 |      2 |    136 |
| 406.5 <> 407.0 |      3 |   1584 |
| 407.0 <> 407.5 |      0 |      0 |
| 407.5 <> 408.0 |      2 |    136 |
| 408.0 <> 408.5 |      0 |      0 |
| 408.5 <> 409.0 |      5 |    805 |
| 409.0 <> 409.5 |      0 |      0 |
| 409.5 <> 410.0 |      1 |     68 |
| 410.0 <> 410.5 |      0 |      0 |
| 410.5 <> 411.0 |      0 |      0 |
| 411.0 <> 411.5 |      2 |    557 |
| 411.5 <> 412.0 |      3 |   2184 |
| 412.0 <> 412.5 |      3 |    216 |
| 412.5 <> 413.0 |      2 |   1516 |
| 413.0 <> 413.5 |      1 |    598 |
| 413.5 <> 414.0 |      7 |   4616 |
| 414.0 <> 414.5 |      7 |   4422 |
| 414.5 <> 415.0 |      2 |    136 |
| 415.0 <> 415.5 |      2 |   1516 |
| 415.5 <> 416.0 |      0 |      0 |
| 416.0 <> 416.5 |      1 |    574 |
| 416.5 <> 417.0 |      0 |      0 |
| 417.0 <> 417.5 |      1 |    621 |
| 417.5 <> 418.0 |      2 |   1244 |
| 418.0 <> 418.5 |      3 |   2106 |
| 418.5 <> 419.0 |      2 |    581 |
| 419.0 <> 419.5 |      0 |      0 |
| 419.5 <> 420.0 |      0 |      0 |
| 420.0 <> 420.5 |      3 |   1584 |
| 420.5 <> 421.0 |      0 |      0 |
| 421.0 <> 421.5 |      3 |    625 |
| 421.5 <> 422.0 |      2 |    136 |
| 422.0 <> 422.5 |      1 |     68 |
| 422.5 <> 423.0 |      1 |     68 |
| 423.0 <> 423.5 |      1 |     68 |
| 423.5 <> 424.0 |      0 |      0 |
| 424.0 <> 424.5 |      0 |      0 |
| 424.5 <> 425.0 |      1 |     68 |
| 425.0 <> 425.5 |      1 |     68 |
| 425.5 <> 426.0 |      0 |      0 |
| 426.0 <> 426.5 |      4 |   3032 |
| 426.5 <> 427.0 |      2 |    136 |
| 427.0 <> 427.5 |    156 | 104577 |
| 427.5 <> 428.0 |    294 | 120520 |
| 428.0 <> 428.5 |     92 |  49074 |
| 428.5 <> 429.0 |      7 |   1353 |
| 429.0 <> 429.5 |     49 |  11281 |
| 429.5 <> 430.0 |    108 |  60465 |
| 430.0 <> 430.5 |     43 |  23879 |
| 430.5 <> 431.0 |     17 |   6109 |
| 431.0 <> 431.5 |      7 |   1522 |
| 431.5 <> 432.0 |     17 |  10732 |
| 432.0 <> 432.5 |      8 |   5207 |
| 432.5 <> 433.0 |      0 |      0 |
| 433.0 <> 433.5 |     13 |    884 |
| 433.5 <> 434.0 |     29 |   2147 |
| 434.0 <> 434.5 |      9 |   1375 |
| 434.5 <> 435.0 |     44 |  29732 |
| 435.0 <> 435.5 |     35 |  29081 |
| 435.5 <> 436.0 |     19 |  11124 |
| 436.0 <> 436.5 |      9 |   4928 |
| 436.5 <> 437.0 |     21 |   8638 |
| 437.0 <> 437.5 |     13 |   3247 |
| 437.5 <> 438.0 |      6 |    435 |
| 438.0 <> 438.5 |      3 |    204 |
| 438.5 <> 439.0 |      0 |      0 |
| 439.0 <> 439.5 |      0 |      0 |
| 439.5 <> 440.0 |      7 |    476 |
| 440.0 <> 440.5 |     18 |   1224 |
| 440.5 <> 441.0 |      1 |     68 |
| 441.0 <> 441.5 |      1 |     68 |
| 441.5 <> 442.0 |      0 |      0 |
| 442.0 <> 442.5 |      1 |    601 |
| 442.5 <> 443.0 |     11 |   4359 |
| 443.0 <> 443.5 |     17 |   7788 |
| 443.5 <> 444.0 |      8 |   5535 |
| 444.0 <> 444.5 |      0 |      0 |
| 444.5 <> 445.0 |      0 |      0 |
| 445.0 <> 445.5 |      1 |     68 |
| 445.5 <> 446.0 |      2 |    136 |
| 446.0 <> 446.5 |      0 |      0 |
| 446.5 <> 447.0 |      0 |      0 |
| 447.0 <> 447.5 |      1 |     68 |
| 447.5 <> 448.0 |      0 |      0 |
| 448.0 <> 448.5 |      0 |      0 |
| 448.5 <> 449.0 |      2 |    136 |
| 449.0 <> 449.5 |      0 |      0 |
| 449.5 <> 450.0 |      0 |      0 |
| 450.0 <> 450.5 |      0 |      0 |
| 450.5 <> 451.0 |      0 |      0 |
| 451.0 <> 451.5 |      0 |      0 |
| 451.5 <> 452.0 |      0 |      0 |
| 452.0 <> 452.5 |      0 |      0 |
| 452.5 <> 453.0 |      0 |      0 |
| 453.0 <> 453.5 |      0 |      0 |
| 453.5 <> 454.0 |      0 |      0 |
| 454.0 <> 454.5 |      0 |      0 |
| 454.5 <> 455.0 |      0 |      0 |
| 455.0 <> 455.5 |      0 |      0 |
| 455.5 <> 456.0 |      0 |      0 |
| 456.0 <> 456.5 |      0 |      0 |
| 456.5 <> 457.0 |      0 |      0 |
| 457.0 <> 457.5 |      0 |      0 |
| 457.5 <> 458.0 |      0 |      0 |
| 458.0 <> 458.5 |      0 |      0 |
| 458.5 <> 459.0 |      0 |      0 |
| 459.0 <> 459.5 |      0 |      0 |
| 459.5 <> 460.0 |      0 |      0 |
| 460.0 <> 460.5 |      0 |      0 |
| 460.5 <> 461.0 |      0 |      0 |
| 461.0 <> 461.5 |      0 |      0 |
| 461.5 <> 462.0 |      0 |      0 |
| 462.0 <> 462.5 |      0 |      0 |
| 462.5 <> 463.0 |      0 |      0 |
| 463.0 <> 463.5 |      0 |      0 |
| 463.5 <> 464.0 |      1 |     68 |
| 464.0 <> 464.5 |      0 |      0 |
| 464.5 <> 465.0 |      0 |      0 |
| 465.0 <> 465.5 |      0 |      0 |
| 465.5 <> 466.0 |      1 |     76 |
| 466.0 <> 466.5 |      0 |      0 |
| 466.5 <> 467.0 |      5 |    499 |
| 467.0 <> 467.5 |      1 |     68 |
| 467.5 <> 468.0 |      2 |    136 |
| 468.0 <> 468.5 |      6 |    878 |
| 468.5 <> 469.0 |      0 |      0 |
| 469.0 <> 469.5 |      5 |    514 |
| 469.5 <> 470.0 |      9 |   1382 |
| 470.0 <> 470.5 |      7 |   1478 |
| 470.5 <> 471.0 |     57 |  33435 |
| 471.0 <> 471.5 |     29 |  21749 |
| 471.5 <> 472.0 |     63 |  42315 |
| 472.0 <> 472.5 |     79 |  57575 |
| 472.5 <> 473.0 |     74 |  51318 |
| 473.0 <> 473.5 |     60 |  51045 |
| 473.5 <> 474.0 |     30 |  19969 |
| 474.0 <> 474.5 |     37 |   6386 |
| 474.5 <> 475.0 |      7 |   1131 |
| 475.0 <> 475.5 |      5 |   1001 |
| 475.5 <> 476.0 |      4 |   1111 |
| 476.0 <> 476.5 |    104 |  26473 |
| 476.5 <> 477.0 |     65 |  42514 |
| 477.0 <> 477.5 |    134 |  86765 |
| 477.5 <> 478.0 |    117 |  84182 |
| 478.0 <> 478.5 |     75 |  40472 |
| 478.5 <> 479.0 |    116 |  70614 |
| 479.0 <> 479.5 |     93 |  69340 |
| 479.5 <> 480.0 |    124 |  83690 |
| 480.0 <> 480.5 |     46 |  27893 |
| 480.5 <> 481.0 |    114 |  79418 |
| 481.0 <> 481.5 |     75 |  41162 |
| 481.5 <> 482.0 |     35 |  29178 |
| 482.0 <> 482.5 |     63 |  35475 |
| 482.5 <> 483.0 |     56 |  49163 |
| 483.0 <> 483.5 |     38 |  30404 |
| 483.5 <> 484.0 |     23 |  19348 |
| 484.0 <> 484.5 |     30 |  19252 |
| 484.5 <> 485.0 |     43 |  21395 |
| 485.0 <> 485.5 |     43 |  29692 |
| 485.5 <> 486.0 |     34 |  18767 |
| 486.0 <> 486.5 |     85 |  33330 |
| 486.5 <> 487.0 |     81 |  45125 |
| 487.0 <> 487.5 |    103 |  43023 |
| 487.5 <> 488.0 |    114 |  50097 |
| 488.0 <> 488.5 |    102 |  57905 |
| 488.5 <> 489.0 |     82 |  31645 |
| 489.0 <> 489.5 |     62 |  30153 |
| 489.5 <> 490.0 |     35 |  14470 |
| 490.0 <> 490.5 |     53 |   8847 |
| 490.5 <> 491.0 |     46 |  12357 |
| 491.0 <> 491.5 |     51 |  30752 |
| 491.5 <> 492.0 |     60 |  45439 |
| 492.0 <> 492.5 |     44 |  20867 |
| 492.5 <> 493.0 |     15 |   2829 |
| 493.0 <> 493.5 |    117 |  77070 |
| 493.5 <> 494.0 |    130 |  88979 |
| 494.0 <> 494.5 |     58 |  51018 |
| 494.5 <> 495.0 |    139 |  68743 |
| 495.0 <> 495.5 |     73 |  65714 |
| 495.5 <> 496.0 |    139 |  79776 |
| 496.0 <> 496.5 |    102 |  82376 |
| 496.5 <> 497.0 |     42 |  23153 |
| 497.0 <> 497.5 |     12 |   5556 |
| 497.5 <> 498.0 |     23 |  13060 |
| 498.0 <> 498.5 |     17 |   3829 |
| 498.5 <> 499.0 |     20 |   6019 |
| 499.0 <> 499.5 |     14 |   4816 |
| 499.5 <> 500.0 |     80 |  32988 |
| 500.0 <> 500.5 |     85 |  43846 |
| 500.5 <> 501.0 |     27 |  15336 |
| 501.0 <> 501.5 |     12 |   3740 |
| 501.5 <> 502.0 |     33 |  20537 |
| 502.0 <> 502.5 |      3 |    212 |
| 502.5 <> 503.0 |     20 |  12378 |
| 503.0 <> 503.5 |     87 |  36316 |
| 503.5 <> 504.0 |    112 |  66845 |
| 504.0 <> 504.5 |     31 |   7808 |
| 504.5 <> 505.0 |     34 |  15518 |
| 505.0 <> 505.5 |     79 |   5044 |
| 505.5 <> 506.0 |      2 |    489 |
| 506.0 <> 506.5 |      5 |    307 |
| 506.5 <> 507.0 |     18 |   1224 |
| 507.0 <> 507.5 |     36 |   2460 |
| 507.5 <> 508.0 |      2 |    136 |
| 508.0 <> 508.5 |      1 |     78 |
| 508.5 <> 509.0 |      5 |    559 |
| 509.0 <> 509.5 |      9 |   1744 |
| 509.5 <> 510.0 |     21 |  14532 |
| 510.0 <> 510.5 |     36 |  29808 |
| 510.5 <> 511.0 |     30 |  24834 |
| 511.0 <> 511.5 |     11 |   5450 |
| 511.5 <> 512.0 |     70 |  31226 |
| 512.0 <> 512.5 |     52 |  26281 |
| 512.5 <> 513.0 |      3 |    230 |
| 513.0 <> 513.5 |     28 |   9396 |
| 513.5 <> 514.0 |     12 |   1929 |
| 514.0 <> 514.5 |      4 |   1826 |
| 514.5 <> 515.0 |     43 |   2924 |
| 515.0 <> 515.5 |      0 |      0 |
| 515.5 <> 516.0 |      0 |      0 |
| 516.0 <> 516.5 |      0 |      0 |
| 516.5 <> 517.0 |      6 |    408 |
| 517.0 <> 517.5 |     13 |    884 |
| 517.5 <> 518.0 |      1 |     86 |
| 518.0 <> 518.5 |      0 |      0 |
| 518.5 <> 519.0 |    106 |  42270 |
| 519.0 <> 519.5 |     54 |  30333 |
| 519.5 <> 520.0 |      0 |      0 |
| 520.0 <> 520.5 |     17 |   2380 |
| 520.5 <> 521.0 |     15 |   4851 |
| 521.0 <> 521.5 |      5 |   1069 |
| 521.5 <> 522.0 |      5 |    524 |
| 522.0 <> 522.5 |      1 |     68 |
| 522.5 <> 523.0 |     19 |   1292 |
| 523.0 <> 523.5 |     33 |   2244 |
| 523.5 <> 524.0 |      0 |      0 |
| 524.0 <> 524.5 |      0 |      0 |
| 524.5 <> 525.0 |      0 |      0 |
| 525.0 <> 525.5 |      0 |      0 |
| 525.5 <> 526.0 |      0 |      0 |
| 526.0 <> 526.5 |      0 |      0 |
| 526.5 <> 527.0 |      0 |      0 |
| 527.0 <> 527.5 |      0 |      0 |
| 527.5 <> 528.0 |      0 |      0 |
| 528.0 <> 528.5 |      0 |      0 |
| 528.5 <> 529.0 |      0 |      0 |
| 529.0 <> 529.5 |      0 |      0 |
| 529.5 <> 530.0 |      0 |      0 |
| 530.0 <> 530.5 |      0 |      0 |
| 530.5 <> 531.0 |      0 |      0 |
| 531.0 <> 531.5 |      0 |      0 |
| 531.5 <> 532.0 |      1 |    113 |
| 532.0 <> 532.5 |      0 |      0 |
| 532.5 <> 533.0 |      0 |      0 |
| 533.0 <> 533.5 |      0 |      0 |
| 533.5 <> 534.0 |      0 |      0 |
| 534.0 <> 534.5 |      2 |    179 |
| 534.5 <> 535.0 |      0 |      0 |
| 535.0 <> 535.5 |      0 |      0 |
| 535.5 <> 536.0 |      2 |    152 |
| 536.0 <> 536.5 |      5 |    946 |
| 536.5 <> 537.0 |      5 |    524 |
| 537.0 <> 537.5 |      1 |     68 |
| 537.5 <> 538.0 |      4 |    836 |
| 538.0 <> 538.5 |      1 |     68 |
| 538.5 <> 539.0 |      1 |     68 |
| 539.0 <> 539.5 |      0 |      0 |
| 539.5 <> 540.0 |      0 |      0 |
| 540.0 <> 540.5 |      0 |      0 |
| 540.5 <> 541.0 |      0 |      0 |
| 541.0 <> 541.5 |      0 |      0 |
| 541.5 <> 542.0 |      0 |      0 |
| 542.0 <> 542.5 |      0 |      0 |
| 542.5 <> 543.0 |      0 |      0 |
| 543.0 <> 543.5 |      0 |      0 |
| 543.5 <> 544.0 |      0 |      0 |
| 544.0 <> 544.5 |      0 |      0 |
| 544.5 <> 545.0 |      0 |      0 |
| 545.0 <> 545.5 |      0 |      0 |
| 545.5 <> 546.0 |      0 |      0 |
| 546.0 <> 546.5 |      0 |      0 |
| 546.5 <> 547.0 |      0 |      0 |
| 547.0 <> 547.5 |      0 |      0 |
| 547.5 <> 548.0 |      0 |      0 |
| 548.0 <> 548.5 |      0 |      0 |
| 548.5 <> 549.0 |      1 |     83 |
| 549.0 <> 549.5 |      0 |      0 |
| 549.5 <> 550.0 |      0 |      0 |
| 550.0 <> 550.5 |      0 |      0 |
| 550.5 <> 551.0 |      2 |    152 |
| 551.0 <> 551.5 |      0 |      0 |
| 551.5 <> 552.0 |      5 |    945 |
| 552.0 <> 552.5 |      5 |    524 |
| 552.5 <> 553.0 |      1 |     68 |
| 553.0 <> 553.5 |      2 |    136 |
| 553.5 <> 554.0 |      4 |    492 |
| 554.0 <> 554.5 |      4 |    899 |
| 554.5 <> 555.0 |      5 |    948 |
| 555.0 <> 555.5 |      0 |      0 |
| 555.5 <> 556.0 |      0 |      0 |
| 556.0 <> 556.5 |      0 |      0 |
| 556.5 <> 557.0 |      1 |     68 |
| 557.0 <> 557.5 |      2 |    136 |
| 557.5 <> 558.0 |      0 |      0 |
| 558.0 <> 558.5 |      0 |      0 |
| 558.5 <> 559.0 |      0 |      0 |
| 559.0 <> 559.5 |      0 |      0 |
| 559.5 <> 560.0 |      0 |      0 |
| 560.0 <> 560.5 |      0 |      0 |
| 560.5 <> 561.0 |      2 |    865 |
| 561.0 <> 561.5 |      0 |      0 |
| 561.5 <> 562.0 |      0 |      0 |
| 562.0 <> 562.5 |      0 |      0 |
| 562.5 <> 563.0 |      0 |      0 |
| 563.0 <> 563.5 |      0 |      0 |
| 563.5 <> 564.0 |      0 |      0 |
| 564.0 <> 564.5 |      0 |      0 |
| 564.5 <> 565.0 |      0 |      0 |
| 565.0 <> 565.5 |      0 |      0 |
| 565.5 <> 566.0 |      2 |    152 |
| 566.0 <> 566.5 |      0 |      0 |
| 566.5 <> 567.0 |      0 |      0 |
| 567.0 <> 567.5 |      5 |    946 |
| 567.5 <> 568.0 |      0 |      0 |
| 568.0 <> 568.5 |      0 |      0 |
| 568.5 <> 569.0 |      6 |    592 |
| 569.0 <> 569.5 |      3 |    204 |
| 569.5 <> 570.0 |      1 |     68 |
| 570.0 <> 570.5 |      0 |      0 |
| 570.5 <> 571.0 |      0 |      0 |
| 571.0 <> 571.5 |      0 |      0 |
| 571.5 <> 572.0 |      0 |      0 |
| 572.0 <> 572.5 |      0 |      0 |
| 572.5 <> 573.0 |      0 |      0 |
| 573.0 <> 573.5 |      0 |      0 |
| 573.5 <> 574.0 |      0 |      0 |
| 574.0 <> 574.5 |      0 |      0 |
| 574.5 <> 575.0 |      0 |      0 |
| 575.0 <> 575.5 |      0 |      0 |
| 575.5 <> 576.0 |      0 |      0 |
| 576.0 <> 576.5 |      0 |      0 |
| 576.5 <> 577.0 |      0 |      0 |
| 577.0 <> 577.5 |      0 |      0 |
| 577.5 <> 578.0 |      0 |      0 |
| 578.0 <> 578.5 |      0 |      0 |
| 578.5 <> 579.0 |      1 |     83 |
| 579.0 <> 579.5 |      0 |      0 |
| 579.5 <> 580.0 |      0 |      0 |
| 580.0 <> 580.5 |      0 |      0 |
| 580.5 <> 581.0 |      0 |      0 |
| 581.0 <> 581.5 |      2 |    191 |
| 581.5 <> 582.0 |      3 |    831 |
| 582.0 <> 582.5 |     22 |   4331 |
| 582.5 <> 583.0 |     41 |  18837 |
| 583.0 <> 583.5 |      3 |   1578 |
| 583.5 <> 584.0 |      3 |    620 |
| 584.0 <> 584.5 |      4 |    309 |
| 584.5 <> 585.0 |      3 |    229 |
| 585.0 <> 585.5 |      4 |    251 |
| 585.5 <> 586.0 |      0 |      0 |
| 586.0 <> 586.5 |      6 |    372 |
| 586.5 <> 587.0 |      1 |     56 |
| 587.0 <> 587.5 |      4 |    251 |
| 587.5 <> 588.0 |      0 |      0 |
| 588.0 <> 588.5 |      0 |      0 |
| 588.5 <> 589.0 |      0 |      0 |
| 589.0 <> 589.5 |      0 |      0 |
| 589.5 <> 590.0 |      0 |      0 |
| 590.0 <> 590.5 |      0 |      0 |
| 590.5 <> 591.0 |      0 |      0 |
| 591.0 <> 591.5 |      0 |      0 |
| 591.5 <> 592.0 |      0 |      0 |
| 592.0 <> 592.5 |      0 |      0 |
| 592.5 <> 593.0 |      0 |      0 |
| 593.0 <> 593.5 |      0 |      0 |
| 593.5 <> 594.0 |      0 |      0 |
| 594.0 <> 594.5 |      0 |      0 |
| 594.5 <> 595.0 |      0 |      0 |
| 595.0 <> 595.5 |      0 |      0 |
| 595.5 <> 596.0 |      2 |    152 |
| 596.0 <> 596.5 |      0 |      0 |
| 596.5 <> 597.0 |      0 |      0 |
| 597.0 <> 597.5 |      0 |      0 |
| 597.5 <> 598.0 |      0 |      0 |
| 598.0 <> 598.5 |      5 |    946 |
| 598.5 <> 599.0 |      0 |      0 |
| 599.0 <> 599.5 |      5 |    524 |
| 599.5 <> 600.0 |      3 |    204 |
| 600.0 <> 600.5 |      1 |     68 |
| 600.5 <> 601.0 |      0 |      0 |
| 601.0 <> 601.5 |      1 |     68 |
| 601.5 <> 602.0 |      0 |      0 |
| 602.0 <> 602.5 |      0 |      0 |
| 602.5 <> 603.0 |      0 |      0 |
| 603.0 <> 603.5 |      0 |      0 |
| 603.5 <> 604.0 |      0 |      0 |
| 604.0 <> 604.5 |      0 |      0 |
| 604.5 <> 605.0 |      0 |      0 |
| 605.0 <> 605.5 |      0 |      0 |
| 605.5 <> 606.0 |      0 |      0 |
| 606.0 <> 606.5 |      0 |      0 |
| 606.5 <> 607.0 |      2 |    663 |
| 607.0 <> 607.5 |      0 |      0 |
| 607.5 <> 608.0 |      0 |      0 |
| 608.0 <> 608.5 |      0 |      0 |
| 608.5 <> 609.0 |      1 |     83 |
| 609.0 <> 609.5 |      0 |      0 |
| 609.5 <> 610.0 |      0 |      0 |
| 610.0 <> 610.5 |      0 |      0 |
| 610.5 <> 611.0 |     10 |    875 |
| 611.0 <> 611.5 |      0 |      0 |
| 611.5 <> 612.0 |      4 |    899 |
| 612.0 <> 612.5 |      5 |    949 |
| 612.5 <> 613.0 |      0 |      0 |
| 613.0 <> 613.5 |      0 |      0 |
| 613.5 <> 614.0 |      0 |      0 |
| 614.0 <> 614.5 |      7 |    540 |
| 614.5 <> 615.0 |      3 |    204 |
| 615.0 <> 615.5 |      0 |      0 |
| 615.5 <> 616.0 |      0 |      0 |
| 616.0 <> 616.5 |      0 |      0 |
| 616.5 <> 617.0 |      0 |      0 |
| 617.0 <> 617.5 |      0 |      0 |
| 617.5 <> 618.0 |      0 |      0 |
| 618.0 <> 618.5 |      0 |      0 |
| 618.5 <> 619.0 |      0 |      0 |
| 619.0 <> 619.5 |      0 |      0 |
| 619.5 <> 620.0 |      0 |      0 |
| 620.0 <> 620.5 |      0 |      0 |
| 620.5 <> 621.0 |      0 |      0 |
| 621.0 <> 621.5 |      0 |      0 |
| 621.5 <> 622.0 |      1 |     77 |
| 622.0 <> 622.5 |      0 |      0 |
| 622.5 <> 623.0 |      0 |      0 |
| 623.0 <> 623.5 |      0 |      0 |
| 623.5 <> 624.0 |      0 |      0 |
| 624.0 <> 624.5 |      0 |      0 |
| 624.5 <> 625.0 |      2 |    169 |
| 625.0 <> 625.5 |     10 |   2908 |
====================================
