
===================================
| IO Statistics                   |
|                                 |
| Interval size: 0.5 secs         |
| Col 1: Frames and bytes         |
|---------------------------------|
|                |1               |
| Interval
| Interval       | Frames | Bytes |
|---------------------------------|
|   0.0 <>   0.5 |      1 |    68 |
|   0.5 <>   1.0 |      0 |     0 |
|   1.0 <>   1.5 |      0 |     0 |
|   1.5 <>   2.0 |      0 |     0 |
|   2.0 <>   2.5 |      2 |   310 |
|   2.5 <>   3.0 |      0 |     0 |
|   3.0 <>   3.5 |      0 |     0 |
|   3.5 <>   4.0 |      1 |    78 |
|   4.0 <>   4.5 |      3 |   253 |
|   4.5 <>   5.0 |      0 |     0 |
|   5.0 <>   5.5 |      7 |  1473 |
|   5.5 <>   6.0 |     11 |  1360 |
|   6.0 <>   6.5 |     18 |  7588 |
|   6.5 <>   7.0 |     45 | 16654 |
|   7.0 <>   7.5 |     91 | 41935 |
|   7.5 <>   8.0 |     15 | 10264 |
|   8.0 <>   8.5 |     53 | 37640 |
|   8.5 <>   9.0 |     42 | 30216 |
|   9.0 <>   9.5 |     56 | 33238 |
|   9.5 <>  10.0 |     43 | 30466 |
|  10.0 <>  10.5 |     43 | 31652 |
|  10.5 <>  11.0 |     38 | 29944 |
|  11.0 <>  11.5 |     61 | 32928 |
|  11.5 <>  12.0 |     53 | 31480 |
|  12.0 <>  12.5 |     43 | 12121 |
|  12.5 <>  13.0 |     25 |  6845 |
|  13.0 <>  13.5 |     33 | 13220 |
|  13.5 <>  14.0 |     39 | 15973 |
|  14.0 <>  14.5 |     47 | 23023 |
|  14.5 <>  15.0 |     17 |  8292 |
|  15.0 <>  15.5 |      5 |  1073 |
|  15.5 <>  16.0 |      0 |     0 |
|  16.0 <>  16.5 |      4 |   286 |
|  16.5 <>  17.0 |     24 |  9058 |
|  17.0 <>  17.5 |     20 |  7725 |
|  17.5 <>  18.0 |     20 |  1378 |
|  18.0 <>  18.5 |      6 |   906 |
|  18.5 <>  19.0 |     22 |  8447 |
|  19.0 <>  19.5 |     50 | 32711 |
|  19.5 <>  20.0 |     24 |  9016 |
|  20.0 <>  20.5 |      4 |   687 |
|  20.5 <>  21.0 |      1 |   105 |
|  21.0 <>  21.5 |      6 |   397 |
|  21.5 <>  22.0 |      4 |   251 |
|  22.0 <>  22.5 |      0 |     0 |
|  22.5 <>  23.0 |      0 |     0 |
|  23.0 <>  23.5 |      9 |   540 |
|  23.5 <>  24.0 |      0 |     0 |
|  24.0 <>  24.5 |      0 |     0 |
|  24.5 <>  25.0 |      0 |     0 |
|  25.0 <>  25.5 |      0 |     0 |
|  25.5 <>  26.0 |      0 |     0 |
|  26.0 <>  26.5 |      0 |     0 |
|  26.5 <>  27.0 |      0 |     0 |
|  27.0 <>  27.5 |      0 |     0 |
|  27.5 <>  28.0 |      0 |     0 |
|  28.0 <>  28.5 |      0 |     0 |
|  28.5 <>  29.0 |      0 |     0 |
|  29.0 <>  29.5 |      0 |     0 |
|  29.5 <>  30.0 |      0 |     0 |
|  30.0 <>  30.5 |      0 |     0 |
|  30.5 <>  31.0 |      0 |     0 |
|  31.0 <>  31.5 |      0 |     0 |
|  31.5 <>  32.0 |      0 |     0 |
|  32.0 <>  32.5 |      0 |     0 |
|  32.5 <>  33.0 |      0 |     0 |
|  33.0 <>  33.5 |      0 |     0 |
|  33.5 <>  34.0 |      0 |     0 |
|  34.0 <>  34.5 |      1 |    83 |
|  34.5 <>  35.0 |      0 |     0 |
|  35.0 <>  35.5 |      0 |     0 |
|  35.5 <>  36.0 |      0 |     0 |
|  36.0 <>  36.5 |      0 |     0 |
|  36.5 <>  37.0 |      0 |     0 |
|  37.0 <>  37.5 |      2 |   191 |
|  37.5 <>  38.0 |      3 |   831 |
|  38.0 <>  38.5 |      5 |   948 |
|  38.5 <>  39.0 |      0 |     0 |
|  39.0 <>  39.5 |      0 |     0 |
|  39.5 <>  40.0 |      0 |     0 |
|  40.0 <>  40.5 |      1 |    68 |
|  40.5 <>  41.0 |      2 |   136 |
|  41.0 <>  41.5 |      0 |     0 |
|  41.5 <>  42.0 |      0 |     0 |
|  42.0 <>  42.5 |      0 |     0 |
|  42.5 <>  43.0 |      0 |     0 |
|  43.0 <>  43.5 |      0 |     0 |
|  43.5 <>  44.0 |      0 |     0 |
|  44.0 <>  44.5 |      0 |     0 |
|  44.5 <>  45.0 |      1 |    76 |
|  45.0 <>  45.5 |      3 |   363 |
|  45.5 <>  46.0 |      0 |     0 |
|  46.0 <>  46.5 |      1 |    68 |
|  46.5 <>  47.0 |      0 |     0 |
|  47.0 <>  47.5 |      0 |     0 |
|  47.5 <>  48.0 |      0 |     0 |
|  48.0 <>  48.5 |      3 |   378 |
|  48.5 <>  49.0 |      2 |   136 |
|  49.0 <>  49.5 |      0 |     0 |
|  49.5 <>  50.0 |      1 |    76 |
|  50.0 <>  50.5 |      1 |    76 |
|  50.5 <>  51.0 |      6 |   472 |
|  51.0 <>  51.5 |     15 |  2565 |
|  51.5 <>  52.0 |      4 |   579 |
|  52.0 <>  52.5 |      0 |     0 |
|  52.5 <>  53.0 |      0 |     0 |
|  53.0 <>  53.5 |      4 |   272 |
|  53.5 <>  54.0 |      0 |     0 |
|  54.0 <>  54.5 |      0 |     0 |
|  54.5 <>  55.0 |      1 |    76 |
|  55.0 <>  55.5 |      2 |   136 |
|  55.5 <>  56.0 |      0 |     0 |
|  56.0 <>  56.5 |      0 |     0 |
|  56.5 <>  57.0 |      8 |   744 |
|  57.0 <>  57.5 |      5 |   761 |
|  57.5 <>  58.0 |     20 | 11778 |
|  58.0 <>  58.5 |     52 | 31522 |
|  58.5 <>  59.0 |     29 | 18936 |
|  59.0 <>  59.5 |     44 | 21874 |
|  59.5 <>  60.0 |     46 | 22106 |
|  60.0 <>  60.5 |     29 | 10315 |
|  60.5 <>  61.0 |      2 |   145 |
|  61.0 <>  61.5 |      2 |   136 |
|  61.5 <>  62.0 |      2 |   169 |
|  62.0 <>  62.5 |      4 |  2223 |
|  62.5 <>  63.0 |     12 |  1191 |
|  63.0 <>  63.5 |     29 |  2293 |
|  63.5 <>  64.0 |      2 |   263 |
|  64.0 <>  64.5 |      5 |  2307 |
|  64.5 <>  65.0 |     10 |  1173 |
|  65.0 <>  65.5 |     40 | 15582 |
|  65.5 <>  66.0 |     42 | 26238 |
|  66.0 <>  66.5 |     10 |  6397 |
|  66.5 <>  67.0 |     36 | 26400 |
|  67.0 <>  67.5 |     27 | 14417 |
|  67.5 <>  68.0 |     24 | 19416 |
|  68.0 <>  68.5 |     13 |  7573 |
|  68.5 <>  69.0 |     22 | 16544 |
|  69.0 <>  69.5 |     33 | 26880 |
|  69.5 <>  70.0 |     37 | 10178 |
|  70.0 <>  70.5 |     65 | 31633 |
|  70.5 <>  71.0 |     43 | 22657 |
|  71.0 <>  71.5 |     34 | 19283 |
|  71.5 <>  72.0 |     20 | 11512 |
|  72.0 <>  72.5 |     18 | 12645 |
|  72.5 <>  73.0 |     28 | 17018 |
|  73.0 <>  73.5 |     71 | 28943 |
|  73.5 <>  74.0 |     15 |  3196 |
|  74.0 <>  74.5 |     22 |  8658 |
|  74.5 <>  75.0 |     13 |  4958 |
|  75.0 <>  75.5 |     10 |  3601 |
|  75.5 <>  76.0 |      0 |     0 |
|  76.0 <>  76.5 |     18 |  1550 |
|  76.5 <>  77.0 |     12 |   816 |
|  77.0 <>  77.5 |      0 |     0 |
|  77.5 <>  78.0 |      0 |     0 |
|  78.0 <>  78.5 |      3 |   192 |
|  78.5 <>  79.0 |      6 |   384 |
|  79.0 <>  79.5 |      0 |     0 |
|  79.5 <>  80.0 |      0 |     0 |
|  80.0 <>  80.5 |      0 |     0 |
|  80.5 <>  81.0 |      0 |     0 |
|  81.0 <>  81.5 |      0 |     0 |
|  81.5 <>  82.0 |      0 |     0 |
|  82.0 <>  82.5 |      0 |     0 |
|  82.5 <>  83.0 |      0 |     0 |
|  83.0 <>  83.5 |      0 |     0 |
|  83.5 <>  84.0 |      0 |     0 |
|  84.0 <>  84.5 |      0 |     0 |
|  84.5 <>  85.0 |      0 |     0 |
|  85.0 <>  85.5 |      0 |     0 |
|  85.5 <>  86.0 |      0 |     0 |
|  86.0 <>  86.5 |      0 |     0 |
|  86.5 <>  87.0 |      0 |     0 |
|  87.0 <>  87.5 |      0 |     0 |
|  87.5 <>  88.0 |      0 |     0 |
|  88.0 <>  88.5 |      0 |     0 |
|  88.5 <>  89.0 |      0 |     0 |
|  89.0 <>  89.5 |      0 |     0 |
|  89.5 <>  90.0 |      1 |    76 |
|  90.0 <>  90.5 |      0 |     0 |
|  90.5 <>  91.0 |      0 |     0 |
|  91.0 <>  91.5 |      0 |     0 |
|  91.5 <>  92.0 |      0 |     0 |
|  92.0 <>  92.5 |      4 |   431 |
|  92.5 <>  93.0 |      0 |     0 |
|  93.0 <>  93.5 |      0 |     0 |
|  93.5 <>  94.0 |      0 |     0 |
|  94.0 <>  94.5 |      2 |   310 |
|  94.5 <>  95.0 |      0 |     0 |
|  95.0 <>  95.5 |      0 |     0 |
|  95.5 <>  96.0 |      0 |     0 |
|  96.0 <>  96.5 |      3 |   235 |
|  96.5 <>  97.0 |      0 |     0 |
|  97.0 <>  97.5 |      8 |  2496 |
|  97.5 <>  98.0 |      3 |   831 |
|  98.0 <>  98.5 |     15 |  6948 |
|  98.5 <>  99.0 |     24 | 15622 |
|  99.0 <>  99.5 |     42 | 17541 |
|  99.5 <> 100.0 |     44 | 32724 |
| 100.0 <> 100.5 |     54 | 32393 |
| 100.5 <> 101.0 |     44 | 29940 |
| 101.0 <> 101.5 |     63 | 40871 |
| 101.5 <> 102.0 |     42 | 29663 |
| 102.0 <> 102.5 |     27 | 21991 |
| 102.5 <> 103.0 |      3 |  1039 |
| 103.0 <> 103.5 |      6 |  1724 |
| 103.5 <> 104.0 |      0 |     0 |
| 104.0 <> 104.5 |      1 |    91 |
| 104.5 <> 105.0 |      0 |     0 |
| 105.0 <> 105.5 |      5 |   380 |
| 105.5 <> 106.0 |      1 |    76 |
| 106.0 <> 106.5 |      0 |     0 |
| 106.5 <> 107.0 |      0 |     0 |
| 107.0 <> 107.5 |      0 |     0 |
| 107.5 <> 108.0 |      1 |    68 |
| 108.0 <> 108.5 |     17 |  6761 |
| 108.5 <> 109.0 |     19 | 11336 |
| 109.0 <> 109.5 |     24 | 15375 |
| 109.5 <> 110.0 |     33 |  7663 |
| 110.0 <> 110.5 |     18 |  7426 |
| 110.5 <> 111.0 |     21 |  8199 |
| 111.0 <> 111.5 |     40 |  7715 |
| 111.5 <> 112.0 |     11 |  9847 |
| 112.0 <> 112.5 |      7 |  5948 |
| 112.5 <> 113.0 |    130 | 52912 |
| 113.0 <> 113.5 |     18 |  9845 |
| 113.5 <> 114.0 |      0 |     0 |
| 114.0 <> 114.5 |      8 |  3078 |
| 114.5 <> 115.0 |     13 |  1018 |
| 115.0 <> 115.5 |     10 |   780 |
| 115.5 <> 116.0 |     30 |  2308 |
| 116.0 <> 116.5 |      8 |  1920 |
| 116.5 <> 117.0 |      2 |   509 |
| 117.0 <> 117.5 |      1 |  1436 |
| 117.5 <> 118.0 |      4 |  1672 |
| 118.0 <> 118.5 |      0 |     0 |
| 118.5 <> 119.0 |      4 |   698 |
| 119.0 <> 119.5 |      4 |  1040 |
| 119.5 <> 120.0 |      1 |    82 |
| 120.0 <> 120.5 |      1 |    68 |
| 120.5 <> 121.0 |     10 |   780 |
| 121.0 <> 121.5 |      8 |   624 |
| 121.5 <> 122.0 |     30 |  2308 |
| 122.0 <> 122.5 |      2 |   156 |
| 122.5 <> 123.0 |      0 |     0 |
| 123.0 <> 123.5 |      1 |    68 |
| 123.5 <> 124.0 |      1 |  1436 |
| 124.0 <> 124.5 |      0 |     0 |
| 124.5 <> 125.0 |     34 | 10663 |
| 125.0 <> 125.5 |     34 |  2312 |
| 125.5 <> 126.0 |     66 | 10878 |
| 126.0 <> 126.5 |     79 | 23495 |
| 126.5 <> 127.0 |     50 | 32852 |
| 127.0 <> 127.5 |     52 | 31535 |
| 127.5 <> 128.0 |     52 | 31591 |
| 128.0 <> 128.5 |     49 | 36227 |
| 128.5 <> 129.0 |     56 | 47729 |
| 129.0 <> 129.5 |     51 | 33054 |
| 129.5 <> 130.0 |     49 | 34325 |
| 130.0 <> 130.5 |     27 | 18065 |
| 130.5 <> 131.0 |      0 |     0 |
| 131.0 <> 131.5 |     27 |  9401 |
| 131.5 <> 132.0 |     46 | 20062 |
| 132.0 <> 132.5 |     79 | 39443 |
| 132.5 <> 133.0 |     64 | 41834 |
| 133.0 <> 133.5 |     55 | 36241 |
| 133.5 <> 134.0 |     64 | 40609 |
| 134.0 <> 134.5 |     44 | 34855 |
| 134.5 <> 135.0 |     49 | 40554 |
| 135.0 <> 135.5 |     46 | 30649 |
| 135.5 <> 136.0 |     43 | 30850 |
| 136.0 <> 136.5 |     43 | 31550 |
| 136.5 <> 137.0 |     45 | 32943 |
| 137.0 <> 137.5 |     41 | 30168 |
| 137.5 <> 138.0 |     51 | 32273 |
| 138.0 <> 138.5 |     43 | 29422 |
| 138.5 <> 139.0 |     35 | 31108 |
| 139.0 <> 139.5 |     41 | 17690 |
| 139.5 <> 140.0 |     44 | 10880 |
| 140.0 <> 140.5 |     24 |  7879 |
| 140.5 <> 141.0 |     58 | 16620 |
| 141.0 <> 141.5 |     48 | 16922 |
| 141.5 <> 142.0 |     28 | 16310 |
| 142.0 <> 142.5 |      2 |   156 |
| 142.5 <> 143.0 |      3 |   204 |
| 143.0 <> 143.5 |      9 |  2012 |
| 143.5 <> 144.0 |      8 |   608 |
| 144.0 <> 144.5 |      8 |  1002 |
| 144.5 <> 145.0 |     10 |   767 |
| 145.0 <> 145.5 |     10 |  2436 |
| 145.5 <> 146.0 |     12 |  2563 |
| 146.0 <> 146.5 |     15 |  6093 |
| 146.5 <> 147.0 |      9 |  4393 |
| 147.0 <> 147.5 |      0 |     0 |
| 147.5 <> 148.0 |      1 |   371 |
| 148.0 <> 148.5 |     24 |  8188 |
| 148.5 <> 149.0 |      5 |   750 |
| 149.0 <> 149.5 |     23 |  8366 |
| 149.5 <> 150.0 |      5 |   859 |
| 150.0 <> 150.5 |      8 |  1210 |
| 150.5 <> 151.0 |     39 | 24540 |
| 151.0 <> 151.5 |     46 | 30508 |
| 151.5 <> 152.0 |     47 | 31588 |
| 152.0 <> 152.5 |     70 | 31313 |
| 152.5 <> 153.0 |     63 | 32080 |
| 153.0 <> 153.5 |     46 | 32015 |
| 153.5 <> 154.0 |     68 | 32520 |
| 154.0 <> 154.5 |     46 | 30527 |
| 154.5 <> 155.0 |     58 | 30359 |
| 155.0 <> 155.5 |     42 | 14979 |
| 155.5 <> 156.0 |     46 | 11226 |
| 156.0 <> 156.5 |     19 |  7204 |
| 156.5 <> 157.0 |      2 |   112 |
| 157.0 <> 157.5 |      0 |     0 |
| 157.5 <> 158.0 |     16 |  1077 |
| 158.0 <> 158.5 |     51 |  4912 |
| 158.5 <> 159.0 |      7 |  1092 |
| 159.0 <> 159.5 |      0 |     0 |
| 159.5 <> 160.0 |      0 |     0 |
| 160.0 <> 160.5 |      3 |   204 |
| 160.5 <> 161.0 |      0 |     0 |
| 161.0 <> 161.5 |      0 |     0 |
| 161.5 <> 162.0 |      0 |     0 |
| 162.0 <> 162.5 |      3 |   204 |
| 162.5 <> 163.0 |      0 |     0 |
| 163.0 <> 163.5 |      1 |    82 |
| 163.5 <> 164.0 |     13 |  2169 |
| 164.0 <> 164.5 |     10 |  2172 |
| 164.5 <> 165.0 |      3 |   212 |
| 165.0 <> 165.5 |     57 | 16618 |
| 165.5 <> 166.0 |     80 | 37960 |
| 166.0 <> 166.5 |     68 | 36467 |
| 166.5 <> 167.0 |     60 | 35090 |
| 167.0 <> 167.5 |     49 | 33364 |
| 167.5 <> 168.0 |     43 | 29564 |
| 168.0 <> 168.5 |     52 | 36267 |
| 168.5 <> 169.0 |     47 | 31118 |
| 169.0 <> 169.5 |     60 | 35762 |
| 169.5 <> 170.0 |     50 | 33660 |
| 170.0 <> 170.5 |     47 | 30841 |
| 170.5 <> 171.0 |     48 | 31939 |
| 171.0 <> 171.5 |     42 | 31524 |
| 171.5 <> 172.0 |     46 | 30373 |
| 172.0 <> 172.5 |     35 | 32023 |
| 172.5 <> 173.0 |     39 | 30768 |
| 173.0 <> 173.5 |     46 | 30791 |
| 173.5 <> 174.0 |     60 | 34392 |
| 174.0 <> 174.5 |     58 | 32878 |
| 174.5 <> 175.0 |     42 | 30240 |
| 175.0 <> 175.5 |     51 | 30687 |
| 175.5 <> 176.0 |     51 | 32382 |
| 176.0 <> 176.5 |     60 | 31742 |
| 176.5 <> 177.0 |     41 | 30365 |
| 177.0 <> 177.5 |     44 | 31118 |
| 177.5 <> 178.0 |     39 | 31289 |
| 178.0 <> 178.5 |     36 | 31152 |
| 178.5 <> 179.0 |     36 | 29808 |
| 179.0 <> 179.5 |     32 | 30904 |
| 179.5 <> 180.0 |     38 | 30389 |
| 180.0 <> 180.5 |     43 | 30387 |
| 180.5 <> 181.0 |     12 | 10784 |
| 181.0 <> 181.5 |      0 |     0 |
| 181.5 <> 182.0 |      3 |   204 |
| 182.0 <> 182.5 |      0 |     0 |
| 182.5 <> 183.0 |      0 |     0 |
| 183.0 <> 183.5 |      2 |   331 |
| 183.5 <> 184.0 |      3 |   204 |
| 184.0 <> 184.5 |      0 |     0 |
| 184.5 <> 185.0 |      0 |     0 |
| 185.0 <> 185.5 |      6 |   408 |
| 185.5 <> 186.0 |      0 |     0 |
| 186.0 <> 186.5 |      0 |     0 |
| 186.5 <> 187.0 |      0 |     0 |
| 187.0 <> 187.5 |      0 |     0 |
| 187.5 <> 188.0 |      6 |  3179 |
| 188.0 <> 188.5 |     49 | 14007 |
| 188.5 <> 189.0 |     65 | 32910 |
| 189.0 <> 189.5 |     41 | 22651 |
| 189.5 <> 190.0 |     19 | 12970 |
| 190.0 <> 190.5 |     27 | 19677 |
| 190.5 <> 191.0 |     35 | 17196 |
| 191.0 <> 191.5 |     23 |  6737 |
| 191.5 <> 192.0 |     22 |  2357 |
| 192.0 <> 192.5 |      1 |   665 |
| 192.5 <> 193.0 |      2 |   156 |
| 193.0 <> 193.5 |      1 |   665 |
| 193.5 <> 194.0 |      8 |   544 |
| 194.0 <> 194.5 |      4 |   272 |
| 194.5 <> 195.0 |      3 |   821 |
| 195.0 <> 195.5 |      0 |     0 |
| 195.5 <> 196.0 |      0 |     0 |
| 196.0 <> 196.5 |      0 |     0 |
| 196.5 <> 197.0 |      0 |     0 |
| 197.0 <> 197.5 |     10 |   688 |
| 197.5 <> 198.0 |      1 |    76 |
| 198.0 <> 198.5 |      1 |   665 |
| 198.5 <> 199.0 |      2 |   156 |
| 199.0 <> 199.5 |      0 |     0 |
| 199.5 <> 200.0 |      0 |     0 |
| 200.0 <> 200.5 |      1 |    76 |
| 200.5 <> 201.0 |      3 |   212 |
| 201.0 <> 201.5 |      0 |     0 |
| 201.5 <> 202.0 |      0 |     0 |
| 202.0 <> 202.5 |      0 |     0 |
| 202.5 <> 203.0 |     20 |  2472 |
| 203.0 <> 203.5 |      6 |  1960 |
| 203.5 <> 204.0 |     29 | 11830 |
| 204.0 <> 204.5 |     42 | 14947 |
| 204.5 <> 205.0 |     12 |  4405 |
| 205.0 <> 205.5 |     15 |  7673 |
| 205.5 <> 206.0 |     20 |  8086 |
| 206.0 <> 206.5 |     15 |  8071 |
| 206.5 <> 207.0 |      3 |  2501 |
| 207.0 <> 207.5 |      3 |   204 |
| 207.5 <> 208.0 |      0 |     0 |
| 208.0 <> 208.5 |      0 |     0 |
| 208.5 <> 209.0 |      1 |    68 |
| 209.0 <> 209.5 |     35 | 16229 |
| 209.5 <> 210.0 |      5 |   515 |
| 210.0 <> 210.5 |     24 | 13803 |
| 210.5 <> 211.0 |     17 |  1168 |
| 211.0 <> 211.5 |     25 | 12755 |
| 211.5 <> 212.0 |     39 | 18401 |
| 212.0 <> 212.5 |      7 |  2181 |
| 212.5 <> 213.0 |     12 |  3061 |
| 213.0 <> 213.5 |      6 |   408 |
| 213.5 <> 214.0 |      0 |     0 |
| 214.0 <> 214.5 |      2 |   997 |
| 214.5 <> 215.0 |      5 |   757 |
| 215.0 <> 215.5 |     22 |  3873 |
| 215.5 <> 216.0 |     19 |  5396 |
| 216.0 <> 216.5 |     19 | 11154 |
| 216.5 <> 217.0 |      8 |  3119 |
| 217.0 <> 217.5 |      4 |   292 |
| 217.5 <> 218.0 |      9 |  1256 |
| 218.0 <> 218.5 |      4 |   762 |
| 218.5 <> 219.0 |      2 |   611 |
| 219.0 <> 219.5 |      2 |   136 |
| 219.5 <> 220.0 |      0 |     0 |
| 220.0 <> 220.5 |      0 |     0 |
| 220.5 <> 221.0 |      2 |   611 |
| 221.0 <> 221.5 |      3 |   204 |
| 221.5 <> 222.0 |      0 |     0 |
| 222.0 <> 222.5 |      0 |     0 |
| 222.5 <> 223.0 |      1 |    74 |
| 223.0 <> 223.5 |      1 |    83 |
| 223.5 <> 224.0 |      0 |     0 |
| 224.0 <> 224.5 |      2 |   611 |
| 224.5 <> 225.0 |      2 |   311 |
| 225.0 <> 225.5 |      0 |     0 |
| 225.5 <> 226.0 |      0 |     0 |
| 226.0 <> 226.5 |      2 |   152 |
| 226.5 <> 227.0 |      0 |     0 |
| 227.0 <> 227.5 |      0 |     0 |
| 227.5 <> 228.0 |      1 |    74 |
| 228.0 <> 228.5 |      1 |    83 |
| 228.5 <> 229.0 |      0 |     0 |
| 229.0 <> 229.5 |      2 |   152 |
| 229.5 <> 230.0 |      0 |     0 |
| 230.0 <> 230.5 |      0 |     0 |
| 230.5 <> 231.0 |      0 |     0 |
| 231.0 <> 231.5 |      0 |     0 |
| 231.5 <> 232.0 |      2 |   611 |
| 232.0 <> 232.5 |      0 |     0 |
| 232.5 <> 233.0 |      2 |   142 |
| 233.0 <> 233.5 |      1 |    83 |
| 233.5 <> 234.0 |      0 |     0 |
| 234.0 <> 234.5 |      0 |     0 |
| 234.5 <> 235.0 |      0 |     0 |
| 235.0 <> 235.5 |      2 |   152 |
| 235.5 <> 236.0 |      0 |     0 |
| 236.0 <> 236.5 |      0 |     0 |
| 236.5 <> 237.0 |      0 |     0 |
| 237.0 <> 237.5 |      1 |    68 |
| 237.5 <> 238.0 |      1 |    74 |
| 238.0 <> 238.5 |      4 |   462 |
| 238.5 <> 239.0 |      0 |     0 |
| 239.0 <> 239.5 |      0 |     0 |
| 239.5 <> 240.0 |      1 |    68 |
| 240.0 <> 240.5 |      0 |     0 |
| 240.5 <> 241.0 |      0 |     0 |
| 241.0 <> 241.5 |      0 |     0 |
| 241.5 <> 242.0 |      2 |   611 |
| 242.0 <> 242.5 |      0 |     0 |
| 242.5 <> 243.0 |      1 |    74 |
| 243.0 <> 243.5 |      1 |    83 |
| 243.5 <> 244.0 |      1 |    76 |
| 244.0 <> 244.5 |      0 |     0 |
| 244.5 <> 245.0 |      0 |     0 |
| 245.0 <> 245.5 |      0 |     0 |
| 245.5 <> 246.0 |      1 |   113 |
| 246.0 <> 246.5 |      0 |     0 |
| 246.5 <> 247.0 |      1 |    76 |
| 247.0 <> 247.5 |      1 |    76 |
| 247.5 <> 248.0 |      2 |   150 |
| 248.0 <> 248.5 |      1 |    83 |
| 248.5 <> 249.0 |      0 |     0 |
| 249.0 <> 249.5 |      0 |     0 |
| 249.5 <> 250.0 |      0 |     0 |
| 250.0 <> 250.5 |      1 |   113 |
| 250.5 <> 251.0 |      0 |     0 |
| 251.0 <> 251.5 |      0 |     0 |
| 251.5 <> 252.0 |      1 |    76 |
| 252.0 <> 252.5 |      0 |     0 |
| 252.5 <> 253.0 |      2 |   150 |
| 253.0 <> 253.5 |      1 |    83 |
| 253.5 <> 254.0 |      0 |     0 |
| 254.0 <> 254.5 |      0 |     0 |
| 254.5 <> 255.0 |      1 |    76 |
| 255.0 <> 255.5 |      0 |     0 |
| 255.5 <> 256.0 |      0 |     0 |
| 256.0 <> 256.5 |      0 |     0 |
| 256.5 <> 257.0 |     15 |  4407 |
| 257.0 <> 257.5 |      3 |   831 |
| 257.5 <> 258.0 |      1 |    68 |
| 258.0 <> 258.5 |      2 |   156 |
| 258.5 <> 259.0 |      1 |    68 |
| 259.0 <> 259.5 |      1 |   113 |
| 259.5 <> 260.0 |      0 |     0 |
| 260.0 <> 260.5 |      0 |     0 |
| 260.5 <> 261.0 |      0 |     0 |
| 261.0 <> 261.5 |      0 |     0 |
| 261.5 <> 262.0 |      2 |   156 |
| 262.0 <> 262.5 |      1 |    68 |
| 262.5 <> 263.0 |      0 |     0 |
| 263.0 <> 263.5 |      1 |    76 |
| 263.5 <> 264.0 |      4 |   617 |
| 264.0 <> 264.5 |     37 | 15110 |
| 264.5 <> 265.0 |      6 |  1182 |
| 265.0 <> 265.5 |     11 |  7648 |
| 265.5 <> 266.0 |     20 | 15260 |
| 266.0 <> 266.5 |     19 | 11138 |
| 266.5 <> 267.0 |      6 |   590 |
| 267.0 <> 267.5 |      4 |   284 |
| 267.5 <> 268.0 |      0 |     0 |
| 268.0 <> 268.5 |     13 |  1944 |
| 268.5 <> 269.0 |     38 | 16508 |
| 269.0 <> 269.5 |     22 |  9408 |
| 269.5 <> 270.0 |     50 | 33324 |
| 270.0 <> 270.5 |     55 | 34018 |
| 270.5 <> 271.0 |     37 | 29876 |
| 271.0 <> 271.5 |     41 | 33608 |
| 271.5 <> 272.0 |     46 | 31155 |
| 272.0 <> 272.5 |     44 | 32499 |
| 272.5 <> 273.0 |     41 | 31472 |
| 273.0 <> 273.5 |     34 | 29640 |
| 273.5 <> 274.0 |     16 | 10624 |
| 274.0 <> 274.5 |     55 |  9671 |
| 274.5 <> 275.0 |     84 | 33409 |
| 275.0 <> 275.5 |     53 | 30943 |
| 275.5 <> 276.0 |     46 | 31512 |
| 276.0 <> 276.5 |     47 | 31269 |
| 276.5 <> 277.0 |     52 | 31117 |
| 277.0 <> 277.5 |     80 | 27954 |
| 277.5 <> 278.0 |    120 | 38004 |
| 278.0 <> 278.5 |     57 | 33474 |
| 278.5 <> 279.0 |     49 | 30759 |
| 279.0 <> 279.5 |     54 | 31958 |
| 279.5 <> 280.0 |     49 | 30660 |
| 280.0 <> 280.5 |     50 | 32002 |
| 280.5 <> 281.0 |     46 | 31951 |
| 281.0 <> 281.5 |     47 | 34044 |
| 281.5 <> 282.0 |     63 | 32672 |
| 282.0 <> 282.5 |     59 | 31626 |
| 282.5 <> 283.0 |     51 | 33319 |
| 283.0 <> 283.5 |     55 | 31868 |
| 283.5 <> 284.0 |     63 | 28035 |
| 284.0 <> 284.5 |     47 | 33511 |
| 284.5 <> 285.0 |     48 | 33529 |
| 285.0 <> 285.5 |     26 | 18226 |
| 285.5 <> 286.0 |     55 | 12650 |
| 286.0 <> 286.5 |     62 | 32984 |
| 286.5 <> 287.0 |     67 | 35040 |
| 287.0 <> 287.5 |     34 | 31056 |
| 287.5 <> 288.0 |     44 | 31817 |
| 288.0 <> 288.5 |     62 | 32062 |
| 288.5 <> 289.0 |     51 | 31833 |
| 289.0 <> 289.5 |     32 | 30904 |
| 289.5 <> 290.0 |     33 | 29604 |
| 290.0 <> 290.5 |     95 | 42794 |
| 290.5 <> 291.0 |     47 | 32032 |
| 291.0 <> 291.5 |     57 | 31926 |
| 291.5 <> 292.0 |     58 | 32456 |
| 292.0 <> 292.5 |     42 | 31584 |
| 292.5 <> 293.0 |     64 | 32495 |
| 293.0 <> 293.5 |     69 | 31351 |
| 293.5 <> 294.0 |     52 | 32702 |
| 294.0 <> 294.5 |     62 | 23537 |
| 294.5 <> 295.0 |     54 | 28613 |
| 295.0 <> 295.5 |     78 | 36313 |
| 295.5 <> 296.0 |     70 | 28761 |
| 296.0 <> 296.5 |     73 | 32942 |
| 296.5 <> 297.0 |     61 | 25682 |
| 297.0 <> 297.5 |     30 | 15867 |
| 297.5 <> 298.0 |     72 | 37168 |
| 298.0 <> 298.5 |     49 | 30772 |
| 298.5 <> 299.0 |     64 | 31758 |
| 299.0 <> 299.5 |     49 | 33318 |
| 299.5 <> 300.0 |     42 | 29479 |
| 300.0 <> 300.5 |     48 | 19381 |
| 300.5 <> 301.0 |     56 | 18563 |
| 301.0 <> 301.5 |     44 | 31720 |
| 301.5 <> 302.0 |     98 | 35848 |
| 302.0 <> 302.5 |     45 | 32562 |
| 302.5 <> 303.0 |     54 | 31868 |
| 303.0 <> 303.5 |     60 | 33924 |
| 303.5 <> 304.0 |     57 | 29894 |
| 304.0 <> 304.5 |     44 | 35824 |
| 304.5 <> 305.0 |    109 | 39334 |
| 305.0 <> 305.5 |     66 | 35852 |
| 305.5 <> 306.0 |     41 | 31465 |
| 306.0 <> 306.5 |     47 | 30943 |
| 306.5 <> 307.0 |     33 | 15309 |
| 307.0 <> 307.5 |      3 |   411 |
| 307.5 <> 308.0 |     13 |  4687 |
| 308.0 <> 308.5 |      8 |  3872 |
| 308.5 <> 309.0 |      1 |    83 |
| 309.0 <> 309.5 |     16 |  2593 |
| 309.5 <> 310.0 |    103 | 14379 |
| 310.0 <> 310.5 |      0 |     0 |
| 310.5 <> 311.0 |     44 | 31020 |
| 311.0 <> 311.5 |     31 | 30836 |
| 311.5 <> 312.0 |     28 | 26528 |
| 312.0 <> 312.5 |     19 | 19076 |
| 312.5 <> 313.0 |     31 | 29468 |
| 313.0 <> 313.5 |     34 | 31040 |
| 313.5 <> 314.0 |     32 | 30904 |
| 314.0 <> 314.5 |     31 | 30836 |
| 314.5 <> 315.0 |     30 | 29400 |
| 315.0 <> 315.5 |     22 | 12233 |
| 315.5 <> 316.0 |     27 | 17131 |
| 316.0 <> 316.5 |    117 | 51276 |
| 316.5 <> 317.0 |     62 | 31897 |
| 317.0 <> 317.5 |     47 | 21783 |
| 317.5 <> 318.0 |     26 | 15233 |
| 318.0 <> 318.5 |     30 | 23928 |
| 318.5 <> 319.0 |     32 | 30307 |
| 319.0 <> 319.5 |     68 |  9342 |
| 319.5 <> 320.0 |     85 | 33939 |
| 320.0 <> 320.5 |     51 | 24468 |
| 320.5 <> 321.0 |      8 |   594 |
| 321.0 <> 321.5 |    105 | 44477 |
| 321.5 <> 322.0 |     52 | 29787 |
| 322.0 <> 322.5 |     68 | 16431 |
| 322.5 <> 323.0 |     17 |  1893 |
| 323.0 <> 323.5 |      7 |   668 |
| 323.5 <> 324.0 |      1 |    68 |
| 324.0 <> 324.5 |      0 |     0 |
| 324.5 <> 325.0 |      2 |   136 |
| 325.0 <> 325.5 |     32 |  2176 |
| 325.5 <> 326.0 |     31 |  2108 |
| 326.0 <> 326.5 |      0 |     0 |
| 326.5 <> 327.0 |      0 |     0 |
| 327.0 <> 327.5 |      0 |     0 |
| 327.5 <> 328.0 |      0 |     0 |
| 328.0 <> 328.5 |      0 |     0 |
| 328.5 <> 329.0 |      0 |     0 |
| 329.0 <> 329.5 |      0 |     0 |
| 329.5 <> 330.0 |      0 |     0 |
| 330.0 <> 330.5 |      0 |     0 |
| 330.5 <> 331.0 |      3 |   274 |
| 331.0 <> 331.5 |      0 |     0 |
| 331.5 <> 332.0 |      3 |   831 |
| 332.0 <> 332.5 |      0 |     0 |
| 332.5 <> 333.0 |      5 |   949 |
| 333.0 <> 333.5 |      0 |     0 |
| 333.5 <> 334.0 |      0 |     0 |
| 334.0 <> 334.5 |      0 |     0 |
| 334.5 <> 335.0 |      1 |    68 |
| 335.0 <> 335.5 |      2 |   136 |
| 335.5 <> 336.0 |      0 |     0 |
| 336.0 <> 336.5 |      0 |     0 |
| 336.5 <> 337.0 |      0 |     0 |
| 337.0 <> 337.5 |      0 |     0 |
| 337.5 <> 338.0 |      0 |     0 |
| 338.0 <> 338.5 |      0 |     0 |
| 338.5 <> 339.0 |      2 |   152 |
| 339.0 <> 339.5 |      5 |   975 |
| 339.5 <> 340.0 |      6 |   472 |
| 340.0 <> 340.5 |      2 |   136 |
| 340.5 <> 341.0 |      4 |   880 |
| 341.0 <> 341.5 |      1 |    68 |
| 341.5 <> 342.0 |      0 |     0 |
| 342.0 <> 342.5 |      0 |     0 |
| 342.5 <> 343.0 |      0 |     0 |
| 343.0 <> 343.5 |      1 |    68 |
| 343.5 <> 344.0 |      0 |     0 |
| 344.0 <> 344.5 |      0 |     0 |
| 344.5 <> 345.0 |      4 |   272 |
| 345.0 <> 345.5 |      0 |     0 |
| 345.5 <> 346.0 |      0 |     0 |
| 346.0 <> 346.5 |      0 |     0 |
| 346.5 <> 347.0 |      0 |     0 |
| 347.0 <> 347.5 |      0 |     0 |
| 347.5 <> 348.0 |      0 |     0 |
| 348.0 <> 348.5 |      0 |     0 |
| 348.5 <> 349.0 |      0 |     0 |
| 349.0 <> 349.5 |      0 |     0 |
| 349.5 <> 350.0 |      0 |     0 |
| 350.0 <> 350.5 |      0 |     0 |
| 350.5 <> 351.0 |      0 |     0 |
| 351.0 <> 351.5 |      0 |     0 |
| 351.5 <> 352.0 |      0 |     0 |
| 352.0 <> 352.5 |      0 |     0 |
| 352.5 <> 353.0 |      2 |   152 |
| 353.0 <> 353.5 |      0 |     0 |
| 353.5 <> 354.0 |      0 |     0 |
| 354.0 <> 354.5 |      0 |     0 |
| 354.5 <> 355.0 |      0 |     0 |
| 355.0 <> 355.5 |      0 |     0 |
| 355.5 <> 356.0 |      2 |   152 |
| 356.0 <> 356.5 |      0 |     0 |
| 356.5 <> 357.0 |      0 |     0 |
| 357.0 <> 357.5 |      0 |     0 |
| 357.5 <> 358.0 |      0 |     0 |
| 358.0 <> 358.5 |      0 |     0 |
| 358.5 <> 359.0 |      0 |     0 |
| 359.0 <> 359.5 |      0 |     0 |
| 359.5 <> 360.0 |      0 |     0 |
| 360.0 <> 360.5 |      0 |     0 |
| 360.5 <> 361.0 |      1 |    83 |
| 361.0 <> 361.5 |      0 |     0 |
| 361.5 <> 362.0 |      2 |   152 |
| 362.0 <> 362.5 |      0 |     0 |
| 362.5 <> 363.0 |      0 |     0 |
| 363.0 <> 363.5 |      0 |     0 |
| 363.5 <> 364.0 |      0 |     0 |
| 364.0 <> 364.5 |      0 |     0 |
| 364.5 <> 365.0 |      0 |     0 |
| 365.0 <> 365.5 |      0 |     0 |
| 365.5 <> 366.0 |      1 |    83 |
| 366.0 <> 366.5 |      0 |     0 |
| 366.5 <> 367.0 |      0 |     0 |
| 367.0 <> 367.5 |      0 |     0 |
| 367.5 <> 368.0 |      0 |     0 |
| 368.0 <> 368.5 |      0 |     0 |
| 368.5 <> 369.0 |      0 |     0 |
| 369.0 <> 369.5 |      0 |     0 |
| 369.5 <> 370.0 |      0 |     0 |
| 370.0 <> 370.5 |      0 |     0 |
| 370.5 <> 371.0 |      1 |    83 |
| 371.0 <> 371.5 |      0 |     0 |
| 371.5 <> 372.0 |      0 |     0 |
| 372.0 <> 372.5 |      0 |     0 |
| 372.5 <> 373.0 |      0 |     0 |
| 373.0 <> 373.5 |      0 |     0 |
| 373.5 <> 374.0 |      2 |   152 |
| 374.0 <> 374.5 |      0 |     0 |
| 374.5 <> 375.0 |      7 |  1368 |
| 375.0 <> 375.5 |     18 |  1979 |
| 375.5 <> 376.0 |     10 |  1425 |
| 376.0 <> 376.5 |      2 |   136 |
| 376.5 <> 377.0 |      0 |     0 |
| 377.0 <> 377.5 |      1 |    68 |
| 377.5 <> 378.0 |      1 |    68 |
| 378.0 <> 378.5 |      0 |     0 |
| 378.5 <> 379.0 |      0 |     0 |
| 379.0 <> 379.5 |      2 |   144 |
| 379.5 <> 380.0 |      0 |     0 |
| 380.0 <> 380.5 |      0 |     0 |
| 380.5 <> 381.0 |     12 |  3015 |
===================================
