
===================================
| IO Statistics                   |
|                                 |
| Interval size: 0.5 secs         |
| Col 1: Frames and bytes         |
|---------------------------------|
|                |1               |
| Interval
| Interval       | Frames | Bytes |
|---------------------------------|
|   0.0 <>   0.5 |      1 |    68 |
|   0.5 <>   1.0 |      3 |   212 |
|   1.0 <>   1.5 |      6 |  1149 |
|   1.5 <>   2.0 |      7 |   834 |
|   2.0 <>   2.5 |      1 |    68 |
|   2.5 <>   3.0 |      0 |     0 |
|   3.0 <>   3.5 |      3 |   204 |
|   3.5 <>   4.0 |      1 |    68 |
|   4.0 <>   4.5 |      0 |     0 |
|   4.5 <>   5.0 |      5 |   694 |
|   5.0 <>   5.5 |     15 |  1623 |
|   5.5 <>   6.0 |     13 |  2054 |
|   6.0 <>   6.5 |      6 |   546 |
|   6.5 <>   7.0 |      8 |  1624 |
|   7.0 <>   7.5 |      9 |  1504 |
|   7.5 <>   8.0 |     14 |  5870 |
|   8.0 <>   8.5 |      2 |  1504 |
|   8.5 <>   9.0 |      0 |     0 |
|   9.0 <>   9.5 |     27 | 10018 |
|   9.5 <>  10.0 |     21 |  6555 |
|  10.0 <>  10.5 |     37 | 13109 |
|  10.5 <>  11.0 |      6 |  4512 |
|  11.0 <>  11.5 |     56 | 16675 |
|  11.5 <>  12.0 |     34 | 13727 |
|  12.0 <>  12.5 |     33 | 23677 |
|  12.5 <>  13.0 |     48 | 32410 |
|  13.0 <>  13.5 |     42 | 30216 |
|  13.5 <>  14.0 |     38 | 26209 |
|  14.0 <>  14.5 |     44 | 30670 |
|  14.5 <>  15.0 |     52 | 37223 |
|  15.0 <>  15.5 |     48 | 32392 |
|  15.5 <>  16.0 |     43 | 30506 |
|  16.0 <>  16.5 |     44 | 29218 |
|  16.5 <>  17.0 |     21 |  4100 |
|  17.0 <>  17.5 |     30 |  4923 |
|  17.5 <>  18.0 |     55 | 21804 |
|  18.0 <>  18.5 |      0 |     0 |
|  18.5 <>  19.0 |     44 | 15964 |
|  19.0 <>  19.5 |     32 | 18169 |
|  19.5 <>  20.0 |      9 |  4735 |
|  20.0 <>  20.5 |     28 | 13862 |
|  20.5 <>  21.0 |     29 | 10056 |
|  21.0 <>  21.5 |     15 |  2254 |
|  21.5 <>  22.0 |      1 |    68 |
|  22.0 <>  22.5 |      0 |     0 |
|  22.5 <>  23.0 |      2 |   136 |
|  23.0 <>  23.5 |     20 |  1324 |
|  23.5 <>  24.0 |      1 |    68 |
|  24.0 <>  24.5 |      0 |     0 |
|  24.5 <>  25.0 |      0 |     0 |
|  25.0 <>  25.5 |      0 |     0 |
|  25.5 <>  26.0 |      0 |     0 |
|  26.0 <>  26.5 |      0 |     0 |
|  26.5 <>  27.0 |      0 |     0 |
|  27.0 <>  27.5 |      0 |     0 |
|  27.5 <>  28.0 |      0 |     0 |
|  28.0 <>  28.5 |      0 |     0 |
|  28.5 <>  29.0 |      0 |     0 |
|  29.0 <>  29.5 |      0 |     0 |
|  29.5 <>  30.0 |      0 |     0 |
|  30.0 <>  30.5 |      0 |     0 |
|  30.5 <>  31.0 |      0 |     0 |
|  31.0 <>  31.5 |      0 |     0 |
|  31.5 <>  32.0 |      0 |     0 |
|  32.0 <>  32.5 |      0 |     0 |
|  32.5 <>  33.0 |      0 |     0 |
|  33.0 <>  33.5 |      0 |     0 |
|  33.5 <>  34.0 |      0 |     0 |
|  34.0 <>  34.5 |      0 |     0 |
|  34.5 <>  35.0 |      0 |     0 |
|  35.0 <>  35.5 |      0 |     0 |
|  35.5 <>  36.0 |      0 |     0 |
|  36.0 <>  36.5 |      0 |     0 |
|  36.5 <>  37.0 |      0 |     0 |
|  37.0 <>  37.5 |      0 |     0 |
|  37.5 <>  38.0 |      0 |     0 |
|  38.0 <>  38.5 |      0 |     0 |
|  38.5 <>  39.0 |      0 |     0 |
|  39.0 <>  39.5 |      0 |     0 |
|  39.5 <>  40.0 |      0 |     0 |
|  40.0 <>  40.5 |      0 |     0 |
|  40.5 <>  41.0 |      1 |    76 |
|  41.0 <>  41.5 |      0 |     0 |
|  41.5 <>  42.0 |      0 |     0 |
|  42.0 <>  42.5 |      0 |     0 |
|  42.5 <>  43.0 |      3 |   363 |
|  43.0 <>  43.5 |      1 |    68 |
|  43.5 <>  44.0 |      0 |     0 |
|  44.0 <>  44.5 |      0 |     0 |
|  44.5 <>  45.0 |      0 |     0 |
|  45.0 <>  45.5 |      2 |   310 |
|  45.5 <>  46.0 |      0 |     0 |
|  46.0 <>  46.5 |      0 |     0 |
|  46.5 <>  47.0 |      0 |     0 |
|  47.0 <>  47.5 |      0 |     0 |
|  47.5 <>  48.0 |      0 |     0 |
|  48.0 <>  48.5 |      1 |    76 |
|  48.5 <>  49.0 |      1 |    76 |
|  49.0 <>  49.5 |      5 |   782 |
|  49.5 <>  50.0 |      0 |     0 |
|  50.0 <>  50.5 |     12 |  2205 |
|  50.5 <>  51.0 |      6 |  1307 |
|  51.0 <>  51.5 |     23 | 12552 |
|  51.5 <>  52.0 |     59 | 37282 |
|  52.0 <>  52.5 |     13 |  4699 |
|  52.5 <>  53.0 |     25 | 16667 |
|  53.0 <>  53.5 |     47 | 20636 |
|  53.5 <>  54.0 |     47 | 28373 |
|  54.0 <>  54.5 |     55 | 41003 |
|  54.5 <>  55.0 |     23 | 13958 |
|  55.0 <>  55.5 |     49 | 24004 |
|  55.5 <>  56.0 |     55 | 31473 |
|  56.0 <>  56.5 |     47 | 25767 |
|  56.5 <>  57.0 |      7 |  1882 |
|  57.0 <>  57.5 |      8 |   940 |
|  57.5 <>  58.0 |     36 | 20232 |
|  58.0 <>  58.5 |     14 |  4643 |
|  58.5 <>  59.0 |     80 | 20425 |
|  59.0 <>  59.5 |     42 | 17956 |
|  59.5 <>  60.0 |     18 |  8121 |
|  60.0 <>  60.5 |     34 | 17845 |
|  60.5 <>  61.0 |     29 | 12984 |
|  61.0 <>  61.5 |     26 | 15989 |
|  61.5 <>  62.0 |     18 |  9920 |
|  62.0 <>  62.5 |      2 |  1565 |
|  62.5 <>  63.0 |      1 |   822 |
|  63.0 <>  63.5 |      9 |   612 |
|  63.5 <>  64.0 |     58 | 33136 |
|  64.0 <>  64.5 |     23 | 12465 |
|  64.5 <>  65.0 |      3 |   204 |
|  65.0 <>  65.5 |     19 |  8061 |
|  65.5 <>  66.0 |     27 | 18391 |
|  66.0 <>  66.5 |      6 |  2065 |
|  66.5 <>  67.0 |     10 |  8121 |
|  67.0 <>  67.5 |     21 |  2808 |
|  67.5 <>  68.0 |     12 |   816 |
|  68.0 <>  68.5 |     16 |  1088 |
|  68.5 <>  69.0 |     29 |  2669 |
|  69.0 <>  69.5 |     12 |  1587 |
|  69.5 <>  70.0 |      5 |   414 |
|  70.0 <>  70.5 |      6 |  1231 |
|  70.5 <>  71.0 |     14 |  4887 |
|  71.0 <>  71.5 |     26 |  4964 |
|  71.5 <>  72.0 |     25 |  6820 |
|  72.0 <>  72.5 |     26 | 12319 |
|  72.5 <>  73.0 |     19 |  9789 |
|  73.0 <>  73.5 |     19 |  8045 |
|  73.5 <>  74.0 |     12 |  2616 |
|  74.0 <>  74.5 |     12 |  2511 |
|  74.5 <>  75.0 |     26 | 11862 |
|  75.0 <>  75.5 |     52 | 29699 |
|  75.5 <>  76.0 |     20 | 11167 |
|  76.0 <>  76.5 |     25 | 17701 |
|  76.5 <>  77.0 |     27 | 18806 |
|  77.0 <>  77.5 |     53 | 21795 |
|  77.5 <>  78.0 |     20 | 15040 |
|  78.0 <>  78.5 |      0 |     0 |
|  78.5 <>  79.0 |     16 | 12032 |
|  79.0 <>  79.5 |     28 | 15572 |
|  79.5 <>  80.0 |     64 | 29864 |
|  80.0 <>  80.5 |     24 |  8896 |
|  80.5 <>  81.0 |      5 |   340 |
|  81.0 <>  81.5 |      0 |     0 |
|  81.5 <>  82.0 |      0 |     0 |
|  82.0 <>  82.5 |     15 |  9228 |
|  82.5 <>  83.0 |     18 |  8877 |
|  83.0 <>  83.5 |     11 |  3992 |
|  83.5 <>  84.0 |      9 |  1927 |
|  84.0 <>  84.5 |      0 |     0 |
|  84.5 <>  85.0 |      0 |     0 |
|  85.0 <>  85.5 |      5 |   935 |
|  85.5 <>  86.0 |      0 |     0 |
|  86.0 <>  86.5 |      3 |   807 |
|  86.5 <>  87.0 |      0 |     0 |
|  87.0 <>  87.5 |     10 |  2170 |
|  87.5 <>  88.0 |      1 |    76 |
|  88.0 <>  88.5 |      2 |   991 |
|  88.5 <>  89.0 |      0 |     0 |
|  89.0 <>  89.5 |      6 |  2546 |
|  89.5 <>  90.0 |      0 |     0 |
|  90.0 <>  90.5 |      4 |   916 |
|  90.5 <>  91.0 |      6 |  6381 |
|  91.0 <>  91.5 |      8 |  6224 |
|  91.5 <>  92.0 |      0 |     0 |
|  92.0 <>  92.5 |      2 |  1516 |
|  92.5 <>  93.0 |      0 |     0 |
|  93.0 <>  93.5 |      2 |  1271 |
|  93.5 <>  94.0 |      3 |  2801 |
|  94.0 <>  94.5 |      0 |     0 |
|  94.5 <>  95.0 |      5 |  1819 |
|  95.0 <>  95.5 |      1 |    89 |
|  95.5 <>  96.0 |      0 |     0 |
|  96.0 <>  96.5 |      7 |   511 |
|  96.5 <>  97.0 |      7 |   550 |
|  97.0 <>  97.5 |      1 |    68 |
|  97.5 <>  98.0 |     12 |  4086 |
|  98.0 <>  98.5 |     10 |  3182 |
|  98.5 <>  99.0 |      6 |  2587 |
|  99.0 <>  99.5 |      5 |  2759 |
|  99.5 <> 100.0 |      8 |  1963 |
| 100.0 <> 100.5 |      4 |  1223 |
| 100.5 <> 101.0 |      5 |  1858 |
| 101.0 <> 101.5 |      4 |   288 |
| 101.5 <> 102.0 |      6 |  1451 |
| 102.0 <> 102.5 |      5 |  2439 |
| 102.5 <> 103.0 |      4 |   488 |
| 103.0 <> 103.5 |      5 |  2336 |
| 103.5 <> 104.0 |     31 |  4878 |
| 104.0 <> 104.5 |      1 |    68 |
| 104.5 <> 105.0 |      3 |   204 |
| 105.0 <> 105.5 |      2 |   157 |
| 105.5 <> 106.0 |      5 |   340 |
| 106.0 <> 106.5 |      0 |     0 |
| 106.5 <> 107.0 |      0 |     0 |
| 107.0 <> 107.5 |      2 |   152 |
| 107.5 <> 108.0 |      2 |   136 |
| 108.0 <> 108.5 |      1 |    68 |
| 108.5 <> 109.0 |      0 |     0 |
| 109.0 <> 109.5 |      6 |   408 |
| 109.5 <> 110.0 |      2 |   112 |
| 110.0 <> 110.5 |      2 |   157 |
| 110.5 <> 111.0 |     19 |  3035 |
| 111.0 <> 111.5 |      4 |   312 |
| 111.5 <> 112.0 |     23 |  4457 |
| 112.0 <> 112.5 |     46 | 20724 |
| 112.5 <> 113.0 |      1 |    68 |
| 113.0 <> 113.5 |      3 |  1572 |
| 113.5 <> 114.0 |      5 |  2125 |
| 114.0 <> 114.5 |      0 |     0 |
| 114.5 <> 115.0 |     40 | 15533 |
| 115.0 <> 115.5 |      0 |     0 |
| 115.5 <> 116.0 |      0 |     0 |
| 116.0 <> 116.5 |      3 |  1296 |
| 116.5 <> 117.0 |      8 |  3037 |
| 117.0 <> 117.5 |      9 |  2384 |
| 117.5 <> 118.0 |      9 |  3854 |
| 118.0 <> 118.5 |      0 |     0 |
| 118.5 <> 119.0 |     38 | 14911 |
| 119.0 <> 119.5 |      4 |  1672 |
| 119.5 <> 120.0 |     15 |  4011 |
| 120.0 <> 120.5 |      2 |  1488 |
| 120.5 <> 121.0 |      6 |  1093 |
| 121.0 <> 121.5 |     18 |  7041 |
| 121.5 <> 122.0 |      0 |     0 |
| 122.0 <> 122.5 |     17 |  2482 |
| 122.5 <> 123.0 |     11 |  3441 |
| 123.0 <> 123.5 |      0 |     0 |
| 123.5 <> 124.0 |      8 |  3455 |
| 124.0 <> 124.5 |      1 |    68 |
| 124.5 <> 125.0 |     12 |  5158 |
| 125.0 <> 125.5 |      9 |   942 |
| 125.5 <> 126.0 |      0 |     0 |
| 126.0 <> 126.5 |      4 |   322 |
| 126.5 <> 127.0 |      0 |     0 |
| 127.0 <> 127.5 |     33 |  3340 |
| 127.5 <> 128.0 |     41 | 14205 |
| 128.0 <> 128.5 |      5 |   837 |
| 128.5 <> 129.0 |      7 |   536 |
| 129.0 <> 129.5 |      5 |  2625 |
| 129.5 <> 130.0 |      3 |   231 |
| 130.0 <> 130.5 |     21 |  1620 |
| 130.5 <> 131.0 |     41 | 14593 |
| 131.0 <> 131.5 |      5 |  1000 |
| 131.5 <> 132.0 |     11 |  4178 |
| 132.0 <> 132.5 |     27 | 19136 |
| 132.5 <> 133.0 |     21 | 14278 |
| 133.0 <> 133.5 |     23 | 12031 |
| 133.5 <> 134.0 |     17 | 10752 |
| 134.0 <> 134.5 |     12 |   955 |
| 134.5 <> 135.0 |      4 |   312 |
| 135.0 <> 135.5 |      4 |   316 |
| 135.5 <> 136.0 |      3 |   204 |
| 136.0 <> 136.5 |      0 |     0 |
| 136.5 <> 137.0 |      0 |     0 |
| 137.0 <> 137.5 |      0 |     0 |
| 137.5 <> 138.0 |      0 |     0 |
| 138.0 <> 138.5 |      4 |  3704 |
| 138.5 <> 139.0 |      4 |  4752 |
| 139.0 <> 139.5 |      1 |    68 |
| 139.5 <> 140.0 |     17 |  4534 |
| 140.0 <> 140.5 |     10 |   784 |
| 140.5 <> 141.0 |     12 |  4404 |
| 141.0 <> 141.5 |      3 |   224 |
| 141.5 <> 142.0 |     22 | 20837 |
| 142.0 <> 142.5 |     13 |  8771 |
| 142.5 <> 143.0 |      2 |   768 |
| 143.0 <> 143.5 |      6 |  2726 |
| 143.5 <> 144.0 |     15 |  9457 |
| 144.0 <> 144.5 |     13 |  7153 |
| 144.5 <> 145.0 |     22 |  1496 |
| 145.0 <> 145.5 |      2 |   160 |
| 145.5 <> 146.0 |      1 |    68 |
| 146.0 <> 146.5 |      0 |     0 |
| 146.5 <> 147.0 |      0 |     0 |
| 147.0 <> 147.5 |      0 |     0 |
| 147.5 <> 148.0 |     15 |  2300 |
| 148.0 <> 148.5 |      3 |   216 |
| 148.5 <> 149.0 |     10 |   656 |
| 149.0 <> 149.5 |     15 |  1020 |
| 149.5 <> 150.0 |      2 |   136 |
| 150.0 <> 150.5 |     25 |  4976 |
| 150.5 <> 151.0 |     13 |  4430 |
| 151.0 <> 151.5 |     10 |  2092 |
| 151.5 <> 152.0 |      6 |   408 |
| 152.0 <> 152.5 |     15 |  1438 |
| 152.5 <> 153.0 |     29 | 16997 |
| 153.0 <> 153.5 |     12 |  2179 |
| 153.5 <> 154.0 |      8 |   700 |
| 154.0 <> 154.5 |      7 |   476 |
| 154.5 <> 155.0 |      0 |     0 |
| 155.0 <> 155.5 |      0 |     0 |
| 155.5 <> 156.0 |      0 |     0 |
| 156.0 <> 156.5 |     10 |   680 |
| 156.5 <> 157.0 |      2 |   136 |
| 157.0 <> 157.5 |      0 |     0 |
| 157.5 <> 158.0 |      0 |     0 |
| 158.0 <> 158.5 |      0 |     0 |
| 158.5 <> 159.0 |      0 |     0 |
| 159.0 <> 159.5 |      2 |   326 |
| 159.5 <> 160.0 |      0 |     0 |
| 160.0 <> 160.5 |      0 |     0 |
| 160.5 <> 161.0 |      0 |     0 |
| 161.0 <> 161.5 |     36 |  6174 |
| 161.5 <> 162.0 |     14 |  1246 |
| 162.0 <> 162.5 |      0 |     0 |
| 162.5 <> 163.0 |      0 |     0 |
| 163.0 <> 163.5 |      0 |     0 |
| 163.5 <> 164.0 |      0 |     0 |
| 164.0 <> 164.5 |      0 |     0 |
| 164.5 <> 165.0 |      0 |     0 |
| 165.0 <> 165.5 |      0 |     0 |
| 165.5 <> 166.0 |      0 |     0 |
| 166.0 <> 166.5 |      0 |     0 |
| 166.5 <> 167.0 |      1 |   700 |
| 167.0 <> 167.5 |      0 |     0 |
| 167.5 <> 168.0 |      0 |     0 |
| 168.0 <> 168.5 |      0 |     0 |
| 168.5 <> 169.0 |      0 |     0 |
| 169.0 <> 169.5 |      0 |     0 |
| 169.5 <> 170.0 |      0 |     0 |
| 170.0 <> 170.5 |      0 |     0 |
| 170.5 <> 171.0 |      0 |     0 |
| 171.0 <> 171.5 |      0 |     0 |
| 171.5 <> 172.0 |      0 |     0 |
| 172.0 <> 172.5 |      0 |     0 |
| 172.5 <> 173.0 |      0 |     0 |
| 173.0 <> 173.5 |      0 |     0 |
| 173.5 <> 174.0 |      0 |     0 |
| 174.0 <> 174.5 |      0 |     0 |
| 174.5 <> 175.0 |      0 |     0 |
| 175.0 <> 175.5 |      0 |     0 |
| 175.5 <> 176.0 |      0 |     0 |
| 176.0 <> 176.5 |      0 |     0 |
| 176.5 <> 177.0 |      0 |     0 |
| 177.0 <> 177.5 |      0 |     0 |
| 177.5 <> 178.0 |      0 |     0 |
| 178.0 <> 178.5 |      0 |     0 |
| 178.5 <> 179.0 |      0 |     0 |
| 179.0 <> 179.5 |      0 |     0 |
| 179.5 <> 180.0 |      0 |     0 |
| 180.0 <> 180.5 |      0 |     0 |
| 180.5 <> 181.0 |      1 |    56 |
| 181.0 <> 181.5 |      0 |     0 |
| 181.5 <> 182.0 |      0 |     0 |
| 182.0 <> 182.5 |      0 |     0 |
| 182.5 <> 183.0 |      0 |     0 |
| 183.0 <> 183.5 |      0 |     0 |
| 183.5 <> 184.0 |      0 |     0 |
| 184.0 <> 184.5 |      3 |   230 |
| 184.5 <> 185.0 |     41 |  8883 |
| 185.0 <> 185.5 |     18 |  8554 |
| 185.5 <> 186.0 |     24 | 12001 |
| 186.0 <> 186.5 |     33 | 21257 |
| 186.5 <> 187.0 |     12 |  6363 |
| 187.0 <> 187.5 |     36 | 25293 |
| 187.5 <> 188.0 |     60 | 30337 |
| 188.0 <> 188.5 |      4 |  2346 |
| 188.5 <> 189.0 |      2 |   136 |
| 189.0 <> 189.5 |     31 | 23678 |
| 189.5 <> 190.0 |     21 | 11267 |
| 190.0 <> 190.5 |     37 | 21354 |
| 190.5 <> 191.0 |     16 |  4383 |
| 191.0 <> 191.5 |      0 |     0 |
| 191.5 <> 192.0 |      3 |   661 |
| 192.0 <> 192.5 |     45 | 14890 |
| 192.5 <> 193.0 |     24 | 11375 |
| 193.0 <> 193.5 |     47 | 32070 |
| 193.5 <> 194.0 |     68 | 30288 |
| 194.0 <> 194.5 |     43 | 27785 |
| 194.5 <> 195.0 |     47 | 32466 |
| 195.0 <> 195.5 |     12 |  6574 |
| 195.5 <> 196.0 |      6 |  3156 |
| 196.0 <> 196.5 |     17 |  5507 |
| 196.5 <> 197.0 |     22 | 12238 |
| 197.0 <> 197.5 |     18 | 10040 |
| 197.5 <> 198.0 |      5 |   356 |
| 198.0 <> 198.5 |      6 |  1728 |
| 198.5 <> 199.0 |     45 | 24229 |
| 199.0 <> 199.5 |      9 |  1703 |
| 199.5 <> 200.0 |     39 | 20779 |
| 200.0 <> 200.5 |      4 |  2526 |
| 200.5 <> 201.0 |     33 | 20976 |
| 201.0 <> 201.5 |     25 | 15267 |
| 201.5 <> 202.0 |     26 |  9003 |
| 202.0 <> 202.5 |      8 |  4380 |
| 202.5 <> 203.0 |      0 |     0 |
| 203.0 <> 203.5 |     10 |  1504 |
| 203.5 <> 204.0 |      7 |   986 |
| 204.0 <> 204.5 |      1 |   105 |
| 204.5 <> 205.0 |      2 |   173 |
| 205.0 <> 205.5 |     12 |   816 |
| 205.5 <> 206.0 |      0 |     0 |
| 206.0 <> 206.5 |      0 |     0 |
| 206.5 <> 207.0 |      0 |     0 |
| 207.0 <> 207.5 |      0 |     0 |
| 207.5 <> 208.0 |      0 |     0 |
| 208.0 <> 208.5 |      0 |     0 |
| 208.5 <> 209.0 |      0 |     0 |
| 209.0 <> 209.5 |      0 |     0 |
| 209.5 <> 210.0 |      0 |     0 |
| 210.0 <> 210.5 |      0 |     0 |
| 210.5 <> 211.0 |      0 |     0 |
| 211.0 <> 211.5 |      0 |     0 |
| 211.5 <> 212.0 |      0 |     0 |
| 212.0 <> 212.5 |      0 |     0 |
| 212.5 <> 213.0 |      0 |     0 |
| 213.0 <> 213.5 |      1 |    77 |
| 213.5 <> 214.0 |      1 |    89 |
| 214.0 <> 214.5 |      1 |   700 |
| 214.5 <> 215.0 |      0 |     0 |
| 215.0 <> 215.5 |      0 |     0 |
| 215.5 <> 216.0 |      0 |     0 |
| 216.0 <> 216.5 |     10 |  2553 |
| 216.5 <> 217.0 |      8 |  1373 |
| 217.0 <> 217.5 |      1 |    68 |
| 217.5 <> 218.0 |      4 |   628 |
| 218.0 <> 218.5 |      5 |   524 |
| 218.5 <> 219.0 |      2 |   136 |
| 219.0 <> 219.5 |      2 |   136 |
| 219.5 <> 220.0 |      2 |   310 |
| 220.0 <> 220.5 |      3 |   204 |
| 220.5 <> 221.0 |      1 |    68 |
| 221.0 <> 221.5 |      2 |   136 |
| 221.5 <> 222.0 |      0 |     0 |
| 222.0 <> 222.5 |      0 |     0 |
| 222.5 <> 223.0 |      0 |     0 |
| 223.0 <> 223.5 |      0 |     0 |
| 223.5 <> 224.0 |      0 |     0 |
| 224.0 <> 224.5 |      0 |     0 |
| 224.5 <> 225.0 |      0 |     0 |
| 225.0 <> 225.5 |      0 |     0 |
| 225.5 <> 226.0 |      0 |     0 |
| 226.0 <> 226.5 |      0 |     0 |
| 226.5 <> 227.0 |      0 |     0 |
| 227.0 <> 227.5 |      1 |    77 |
| 227.5 <> 228.0 |      0 |     0 |
| 228.0 <> 228.5 |      0 |     0 |
| 228.5 <> 229.0 |      0 |     0 |
| 229.0 <> 229.5 |      0 |     0 |
| 229.5 <> 230.0 |      0 |     0 |
| 230.0 <> 230.5 |      2 |   169 |
| 230.5 <> 231.0 |      4 |  2223 |
| 231.0 <> 231.5 |      0 |     0 |
| 231.5 <> 232.0 |      0 |     0 |
| 232.0 <> 232.5 |      7 |   851 |
| 232.5 <> 233.0 |      3 |   168 |
| 233.0 <> 233.5 |      0 |     0 |
| 233.5 <> 234.0 |      6 |   472 |
| 234.0 <> 234.5 |      1 |    68 |
| 234.5 <> 235.0 |      1 |    83 |
| 235.0 <> 235.5 |      0 |     0 |
| 235.5 <> 236.0 |      2 |   191 |
| 236.0 <> 236.5 |      0 |     0 |
| 236.5 <> 237.0 |      0 |     0 |
| 237.0 <> 237.5 |      1 |    80 |
| 237.5 <> 238.0 |      3 |   831 |
| 238.0 <> 238.5 |      0 |     0 |
| 238.5 <> 239.0 |      3 |   627 |
| 239.0 <> 239.5 |      6 |  2099 |
| 239.5 <> 240.0 |      5 |  2295 |
| 240.0 <> 240.5 |     37 | 15424 |
| 240.5 <> 241.0 |     56 | 31525 |
| 241.0 <> 241.5 |      5 |   380 |
| 241.5 <> 242.0 |      8 |  3337 |
| 242.0 <> 242.5 |     20 |  5827 |
| 242.5 <> 243.0 |      0 |     0 |
| 243.0 <> 243.5 |      7 |  1869 |
| 243.5 <> 244.0 |      1 |  1241 |
| 244.0 <> 244.5 |     12 |  3651 |
| 244.5 <> 245.0 |      6 |  7248 |
| 245.0 <> 245.5 |      3 |   454 |
| 245.5 <> 246.0 |     20 | 12729 |
| 246.0 <> 246.5 |      1 |    68 |
| 246.5 <> 247.0 |     12 |  6504 |
| 247.0 <> 247.5 |      2 |  1504 |
| 247.5 <> 248.0 |     10 |  8888 |
| 248.0 <> 248.5 |      9 |  8820 |
| 248.5 <> 249.0 |     19 | 11078 |
| 249.0 <> 249.5 |     43 | 12637 |
| 249.5 <> 250.0 |     15 |  8644 |
| 250.0 <> 250.5 |      4 |  2201 |
| 250.5 <> 251.0 |     14 | 10528 |
| 251.0 <> 251.5 |     12 |  9024 |
| 251.5 <> 252.0 |     35 | 16841 |
| 252.0 <> 252.5 |     16 | 13723 |
| 252.5 <> 253.0 |      4 |  4143 |
| 253.0 <> 253.5 |      0 |     0 |
| 253.5 <> 254.0 |      2 |   136 |
| 254.0 <> 254.5 |      3 |   227 |
| 254.5 <> 255.0 |      2 |   152 |
| 255.0 <> 255.5 |      2 |   136 |
| 255.5 <> 256.0 |      0 |     0 |
| 256.0 <> 256.5 |      0 |     0 |
| 256.5 <> 257.0 |      0 |     0 |
| 257.0 <> 257.5 |      2 |   152 |
| 257.5 <> 258.0 |      0 |     0 |
| 258.0 <> 258.5 |      2 |   136 |
| 258.5 <> 259.0 |      0 |     0 |
| 259.0 <> 259.5 |      2 |   696 |
| 259.5 <> 260.0 |      5 |  3465 |
| 260.0 <> 260.5 |      0 |     0 |
| 260.5 <> 261.0 |      9 |  2394 |
| 261.0 <> 261.5 |      2 |   112 |
| 261.5 <> 262.0 |      1 |    68 |
| 262.0 <> 262.5 |      0 |     0 |
| 262.5 <> 263.0 |      3 |   731 |
| 263.0 <> 263.5 |      4 |   304 |
| 263.5 <> 264.0 |      0 |     0 |
| 264.0 <> 264.5 |      0 |     0 |
| 264.5 <> 265.0 |      6 |   463 |
| 265.0 <> 265.5 |     12 |   768 |
| 265.5 <> 266.0 |      4 |   800 |
| 266.0 <> 266.5 |     28 |  6561 |
| 266.5 <> 267.0 |     21 | 10456 |
| 267.0 <> 267.5 |      2 |   124 |
| 267.5 <> 268.0 |      0 |     0 |
| 268.0 <> 268.5 |      0 |     0 |
| 268.5 <> 269.0 |      4 |   248 |
| 269.0 <> 269.5 |     35 |  5369 |
| 269.5 <> 270.0 |      3 |   399 |
| 270.0 <> 270.5 |     41 | 19376 |
| 270.5 <> 271.0 |     50 | 22832 |
| 271.0 <> 271.5 |     30 | 14044 |
| 271.5 <> 272.0 |      5 |  1933 |
| 272.0 <> 272.5 |     34 | 16842 |
| 272.5 <> 273.0 |     66 | 31465 |
| 273.0 <> 273.5 |     42 | 20525 |
| 273.5 <> 274.0 |     38 | 17607 |
| 274.0 <> 274.5 |     26 |  8058 |
| 274.5 <> 275.0 |     13 |  4713 |
| 275.0 <> 275.5 |      8 |  2367 |
| 275.5 <> 276.0 |     34 | 13745 |
| 276.0 <> 276.5 |     12 |  5665 |
| 276.5 <> 277.0 |      7 |  2418 |
| 277.0 <> 277.5 |     12 |   849 |
| 277.5 <> 278.0 |     18 |  1866 |
| 278.0 <> 278.5 |      8 |   748 |
| 278.5 <> 279.0 |      1 |    68 |
| 279.0 <> 279.5 |     10 |   668 |
| 279.5 <> 280.0 |      4 |   248 |
| 280.0 <> 280.5 |      0 |     0 |
| 280.5 <> 281.0 |      0 |     0 |
| 281.0 <> 281.5 |      1 |    68 |
| 281.5 <> 282.0 |      1 |    68 |
| 282.0 <> 282.5 |      0 |     0 |
| 282.5 <> 283.0 |      0 |     0 |
| 283.0 <> 283.5 |      0 |     0 |
| 283.5 <> 284.0 |      0 |     0 |
| 284.0 <> 284.5 |      0 |     0 |
| 284.5 <> 285.0 |      0 |     0 |
| 285.0 <> 285.5 |      0 |     0 |
| 285.5 <> 286.0 |      0 |     0 |
| 286.0 <> 286.5 |      0 |     0 |
| 286.5 <> 287.0 |      0 |     0 |
| 287.0 <> 287.5 |      0 |     0 |
| 287.5 <> 288.0 |      0 |     0 |
| 288.0 <> 288.5 |      0 |     0 |
| 288.5 <> 289.0 |      1 |    76 |
| 289.0 <> 289.5 |      0 |     0 |
| 289.5 <> 290.0 |      0 |     0 |
| 290.0 <> 290.5 |      0 |     0 |
| 290.5 <> 291.0 |      0 |     0 |
| 291.0 <> 291.5 |      0 |     0 |
| 291.5 <> 292.0 |      1 |    76 |
| 292.0 <> 292.5 |      0 |     0 |
| 292.5 <> 293.0 |      0 |     0 |
| 293.0 <> 293.5 |      0 |     0 |
| 293.5 <> 294.0 |      0 |     0 |
| 294.0 <> 294.5 |      5 |   519 |
| 294.5 <> 295.0 |      4 |   342 |
| 295.0 <> 295.5 |      6 |  1051 |
| 295.5 <> 296.0 |      5 |   946 |
| 296.0 <> 296.5 |      0 |     0 |
| 296.5 <> 297.0 |      2 |   310 |
| 297.0 <> 297.5 |      1 |    68 |
| 297.5 <> 298.0 |      2 |   136 |
| 298.0 <> 298.5 |      0 |     0 |
| 298.5 <> 299.0 |      0 |     0 |
| 299.0 <> 299.5 |      1 |    68 |
| 299.5 <> 300.0 |      0 |     0 |
| 300.0 <> 300.5 |      2 |   136 |
| 300.5 <> 301.0 |      0 |     0 |
| 301.0 <> 301.5 |      0 |     0 |
| 301.5 <> 302.0 |      1 |    76 |
| 302.0 <> 302.5 |      5 |  2265 |
| 302.5 <> 303.0 |      2 |   116 |
| 303.0 <> 303.5 |      0 |     0 |
| 303.5 <> 304.0 |      0 |     0 |
| 304.0 <> 304.5 |      0 |     0 |
| 304.5 <> 305.0 |      9 |  3224 |
| 305.0 <> 305.5 |     13 |  6355 |
| 305.5 <> 306.0 |     28 | 15036 |
| 306.0 <> 306.5 |     31 | 21236 |
| 306.5 <> 307.0 |     38 | 26314 |
| 307.0 <> 307.5 |     29 | 18937 |
| 307.5 <> 308.0 |      2 |  1472 |
| 308.0 <> 308.5 |      1 |    68 |
| 308.5 <> 309.0 |      0 |     0 |
| 309.0 <> 309.5 |     11 |  3582 |
| 309.5 <> 310.0 |     34 | 28320 |
| 310.0 <> 310.5 |     32 | 24366 |
| 310.5 <> 311.0 |     30 | 17216 |
| 311.0 <> 311.5 |      1 |   471 |
| 311.5 <> 312.0 |      6 |   906 |
| 312.0 <> 312.5 |      1 |    68 |
| 312.5 <> 313.0 |      0 |     0 |
| 313.0 <> 313.5 |      3 |   204 |
| 313.5 <> 314.0 |      6 |  1034 |
| 314.0 <> 314.5 |      6 |  1887 |
| 314.5 <> 315.0 |      8 |  4564 |
| 315.0 <> 315.5 |      0 |     0 |
| 315.5 <> 316.0 |      9 |  4141 |
| 316.0 <> 316.5 |      9 |  3099 |
| 316.5 <> 317.0 |     18 |  7317 |
| 317.0 <> 317.5 |     21 |  4719 |
| 317.5 <> 318.0 |      0 |     0 |
| 318.0 <> 318.5 |      0 |     0 |
| 318.5 <> 319.0 |      3 |  2940 |
| 319.0 <> 319.5 |     11 |  8697 |
| 319.5 <> 320.0 |      2 |   155 |
| 320.0 <> 320.5 |     11 |  2175 |
| 320.5 <> 321.0 |      2 |   212 |
| 321.0 <> 321.5 |      0 |     0 |
| 321.5 <> 322.0 |      0 |     0 |
| 322.0 <> 322.5 |      0 |     0 |
| 322.5 <> 323.0 |      1 |    68 |
| 323.0 <> 323.5 |      1 |    76 |
| 323.5 <> 324.0 |      0 |     0 |
| 324.0 <> 324.5 |      0 |     0 |
| 324.5 <> 325.0 |      6 |   467 |
| 325.0 <> 325.5 |     22 | 14779 |
| 325.5 <> 326.0 |      3 |  1548 |
| 326.0 <> 326.5 |      3 |   228 |
| 326.5 <> 327.0 |      2 |   212 |
| 327.0 <> 327.5 |      5 |  1644 |
| 327.5 <> 328.0 |      3 |   991 |
| 328.0 <> 328.5 |      3 |  2888 |
| 328.5 <> 329.0 |      1 |    76 |
| 329.0 <> 329.5 |     11 |  2464 |
| 329.5 <> 330.0 |      3 |   223 |
| 330.0 <> 330.5 |      1 |    82 |
| 330.5 <> 331.0 |      2 |   156 |
| 331.0 <> 331.5 |      2 |   136 |
| 331.5 <> 332.0 |      0 |     0 |
| 332.0 <> 332.5 |      0 |     0 |
| 332.5 <> 333.0 |      0 |     0 |
| 333.0 <> 333.5 |      5 |   826 |
| 333.5 <> 334.0 |      0 |     0 |
| 334.0 <> 334.5 |      0 |     0 |
| 334.5 <> 335.0 |      3 |   231 |
| 335.0 <> 335.5 |      1 |    82 |
| 335.5 <> 336.0 |     30 |  7342 |
| 336.0 <> 336.5 |     67 | 26687 |
| 336.5 <> 337.0 |     12 |  4519 |
| 337.0 <> 337.5 |     39 | 27131 |
| 337.5 <> 338.0 |     26 | 16637 |
| 338.0 <> 338.5 |     42 | 28299 |
| 338.5 <> 339.0 |     22 | 13512 |
| 339.0 <> 339.5 |     12 |  6184 |
| 339.5 <> 340.0 |      0 |     0 |
| 340.0 <> 340.5 |      0 |     0 |
| 340.5 <> 341.0 |      0 |     0 |
| 341.0 <> 341.5 |      0 |     0 |
| 341.5 <> 342.0 |      3 |   204 |
| 342.0 <> 342.5 |      0 |     0 |
| 342.5 <> 343.0 |      0 |     0 |
| 343.0 <> 343.5 |      4 |   272 |
| 343.5 <> 344.0 |      2 |   174 |
| 344.0 <> 344.5 |      0 |     0 |
| 344.5 <> 345.0 |      0 |     0 |
| 345.0 <> 345.5 |      4 |   686 |
| 345.5 <> 346.0 |      0 |     0 |
| 346.0 <> 346.5 |      4 |   875 |
| 346.5 <> 347.0 |      0 |     0 |
| 347.0 <> 347.5 |      0 |     0 |
| 347.5 <> 348.0 |      0 |     0 |
| 348.0 <> 348.5 |      1 |    68 |
| 348.5 <> 349.0 |      2 |   174 |
| 349.0 <> 349.5 |      0 |     0 |
| 349.5 <> 350.0 |      0 |     0 |
| 350.0 <> 350.5 |      0 |     0 |
| 350.5 <> 351.0 |      0 |     0 |
| 351.0 <> 351.5 |      0 |     0 |
| 351.5 <> 352.0 |      4 |  1433 |
| 352.0 <> 352.5 |      1 |   125 |
| 352.5 <> 353.0 |      0 |     0 |
| 353.0 <> 353.5 |      0 |     0 |
| 353.5 <> 354.0 |      2 |   174 |
| 354.0 <> 354.5 |      0 |     0 |
| 354.5 <> 355.0 |      0 |     0 |
| 355.0 <> 355.5 |      0 |     0 |
| 355.5 <> 356.0 |      1 |  1436 |
| 356.0 <> 356.5 |      2 |   362 |
| 356.5 <> 357.0 |      0 |     0 |
| 357.0 <> 357.5 |      0 |     0 |
| 357.5 <> 358.0 |      0 |     0 |
| 358.0 <> 358.5 |      2 |   136 |
| 358.5 <> 359.0 |      2 |   174 |
| 359.0 <> 359.5 |      0 |     0 |
| 359.5 <> 360.0 |      2 |  1472 |
| 360.0 <> 360.5 |      0 |     0 |
| 360.5 <> 361.0 |      0 |     0 |
| 361.0 <> 361.5 |      0 |     0 |
| 361.5 <> 362.0 |      2 |   136 |
| 362.0 <> 362.5 |      0 |     0 |
| 362.5 <> 363.0 |      0 |     0 |
| 363.0 <> 363.5 |      0 |     0 |
| 363.5 <> 364.0 |      2 |   174 |
| 364.0 <> 364.5 |      0 |     0 |
| 364.5 <> 365.0 |      1 |   125 |
| 365.0 <> 365.5 |      0 |     0 |
| 365.5 <> 366.0 |      0 |     0 |
| 366.0 <> 366.5 |      2 |   362 |
| 366.5 <> 367.0 |      0 |     0 |
| 367.0 <> 367.5 |      0 |     0 |
| 367.5 <> 368.0 |      0 |     0 |
| 368.0 <> 368.5 |      0 |     0 |
| 368.5 <> 369.0 |      2 |   174 |
| 369.0 <> 369.5 |      0 |     0 |
| 369.5 <> 370.0 |      0 |     0 |
| 370.0 <> 370.5 |      0 |     0 |
| 370.5 <> 371.0 |      2 |   562 |
| 371.0 <> 371.5 |      0 |     0 |
| 371.5 <> 372.0 |      2 |  1071 |
| 372.0 <> 372.5 |      0 |     0 |
| 372.5 <> 373.0 |      0 |     0 |
| 373.0 <> 373.5 |      0 |     0 |
| 373.5 <> 374.0 |      3 |   242 |
| 374.0 <> 374.5 |      0 |     0 |
| 374.5 <> 375.0 |     18 |  8296 |
| 375.0 <> 375.5 |     19 | 17360 |
| 375.5 <> 376.0 |     47 | 22841 |
| 376.0 <> 376.5 |     21 | 20580 |
| 376.5 <> 377.0 |     28 | 26528 |
| 377.0 <> 377.5 |     35 |  9470 |
| 377.5 <> 378.0 |      1 |    82 |
| 378.0 <> 378.5 |      0 |     0 |
| 378.5 <> 379.0 |      0 |     0 |
| 379.0 <> 379.5 |      1 |    68 |
| 379.5 <> 380.0 |      0 |     0 |
| 380.0 <> 380.5 |     18 |  1368 |
| 380.5 <> 381.0 |      0 |     0 |
| 381.0 <> 381.5 |      0 |     0 |
| 381.5 <> 382.0 |     14 |  5608 |
| 382.0 <> 382.5 |     12 |  7504 |
| 382.5 <> 383.0 |      2 |   157 |
| 383.0 <> 383.5 |      2 |   156 |
| 383.5 <> 384.0 |      0 |     0 |
| 384.0 <> 384.5 |      0 |     0 |
| 384.5 <> 385.0 |      4 |   304 |
| 385.0 <> 385.5 |      0 |     0 |
| 385.5 <> 386.0 |      0 |     0 |
| 386.0 <> 386.5 |     17 |  1292 |
| 386.5 <> 387.0 |      0 |     0 |
| 387.0 <> 387.5 |      2 |   144 |
| 387.5 <> 388.0 |      2 |   157 |
| 388.0 <> 388.5 |      0 |     0 |
| 388.5 <> 389.0 |      0 |     0 |
| 389.0 <> 389.5 |      0 |     0 |
| 389.5 <> 390.0 |      0 |     0 |
| 390.0 <> 390.5 |      0 |     0 |
| 390.5 <> 391.0 |      4 |   304 |
| 391.0 <> 391.5 |      0 |     0 |
| 391.5 <> 392.0 |      0 |     0 |
| 392.0 <> 392.5 |      2 |   144 |
| 392.5 <> 393.0 |      2 |   157 |
| 393.0 <> 393.5 |      0 |     0 |
| 393.5 <> 394.0 |      0 |     0 |
| 394.0 <> 394.5 |      0 |     0 |
| 394.5 <> 395.0 |      2 |   152 |
| 395.0 <> 395.5 |      0 |     0 |
| 395.5 <> 396.0 |      0 |     0 |
| 396.0 <> 396.5 |      0 |     0 |
| 396.5 <> 397.0 |      1 |  1436 |
| 397.0 <> 397.5 |      2 |   144 |
| 397.5 <> 398.0 |      4 |   309 |
| 398.0 <> 398.5 |     17 |  1292 |
| 398.5 <> 399.0 |      0 |     0 |
| 399.0 <> 399.5 |      0 |     0 |
| 399.5 <> 400.0 |      0 |     0 |
| 400.0 <> 400.5 |      0 |     0 |
| 400.5 <> 401.0 |      0 |     0 |
| 401.0 <> 401.5 |      2 |   156 |
| 401.5 <> 402.0 |      2 |   164 |
| 402.0 <> 402.5 |      2 |   144 |
| 402.5 <> 403.0 |      2 |   157 |
| 403.0 <> 403.5 |      0 |     0 |
| 403.5 <> 404.0 |      2 |   152 |
| 404.0 <> 404.5 |      0 |     0 |
| 404.5 <> 405.0 |      4 |  1628 |
| 405.0 <> 405.5 |      0 |     0 |
| 405.5 <> 406.0 |      0 |     0 |
| 406.0 <> 406.5 |      2 |   156 |
| 406.5 <> 407.0 |      2 |   164 |
| 407.0 <> 407.5 |      2 |   144 |
| 407.5 <> 408.0 |      2 |   157 |
| 408.0 <> 408.5 |      0 |     0 |
| 408.5 <> 409.0 |      0 |     0 |
| 409.0 <> 409.5 |      0 |     0 |
| 409.5 <> 410.0 |      0 |     0 |
| 410.0 <> 410.5 |      0 |     0 |
| 410.5 <> 411.0 |      2 |   385 |
| 411.0 <> 411.5 |      2 |   156 |
| 411.5 <> 412.0 |      2 |   164 |
| 412.0 <> 412.5 |      2 |   144 |
| 412.5 <> 413.0 |      2 |   157 |
| 413.0 <> 413.5 |      0 |     0 |
| 413.5 <> 414.0 |      0 |     0 |
| 414.0 <> 414.5 |      0 |     0 |
| 414.5 <> 415.0 |      0 |     0 |
| 415.0 <> 415.5 |      0 |     0 |
| 415.5 <> 416.0 |      2 |   152 |
| 416.0 <> 416.5 |      2 |   156 |
| 416.5 <> 417.0 |      2 |   164 |
| 417.0 <> 417.5 |      2 |   144 |
| 417.5 <> 418.0 |      2 |   157 |
| 418.0 <> 418.5 |      0 |     0 |
| 418.5 <> 419.0 |      0 |     0 |
| 419.0 <> 419.5 |      0 |     0 |
| 419.5 <> 420.0 |     25 |  2547 |
| 420.0 <> 420.5 |     29 |  4460 |
| 420.5 <> 421.0 |      4 |   533 |
| 421.0 <> 421.5 |      8 |  4572 |
| 421.5 <> 422.0 |      1 |    68 |
| 422.0 <> 422.5 |     28 |  4404 |
| 422.5 <> 423.0 |     46 | 21941 |
| 423.0 <> 423.5 |     40 | 19782 |
| 423.5 <> 424.0 |     31 |  4328 |
| 424.0 <> 424.5 |      6 |  4452 |
| 424.5 <> 425.0 |      0 |     0 |
| 425.0 <> 425.5 |     14 |  8655 |
| 425.5 <> 426.0 |      2 |  1492 |
| 426.0 <> 426.5 |     22 | 11037 |
| 426.5 <> 427.0 |      8 |  3256 |
| 427.0 <> 427.5 |      2 |   156 |
| 427.5 <> 428.0 |      4 |   248 |
| 428.0 <> 428.5 |      1 |    68 |
| 428.5 <> 429.0 |     11 |  7655 |
| 429.0 <> 429.5 |      0 |     0 |
| 429.5 <> 430.0 |      1 |    68 |
| 430.0 <> 430.5 |      2 |  1484 |
| 430.5 <> 431.0 |     17 | 11811 |
| 431.0 <> 431.5 |      0 |     0 |
| 431.5 <> 432.0 |     12 |  7325 |
| 432.0 <> 432.5 |      0 |     0 |
| 432.5 <> 433.0 |     13 |  7637 |
| 433.0 <> 433.5 |      6 |  4416 |
| 433.5 <> 434.0 |      3 |  1540 |
| 434.0 <> 434.5 |      1 |    56 |
| 434.5 <> 435.0 |     14 |  8223 |
| 435.0 <> 435.5 |      0 |     0 |
| 435.5 <> 436.0 |      0 |     0 |
| 436.0 <> 436.5 |      0 |     0 |
| 436.5 <> 437.0 |     14 |  7331 |
| 437.0 <> 437.5 |      0 |     0 |
| 437.5 <> 438.0 |      0 |     0 |
| 438.0 <> 438.5 |      1 |    68 |
| 438.5 <> 439.0 |     22 | 15324 |
| 439.0 <> 439.5 |      6 |  4587 |
| 439.5 <> 440.0 |      0 |     0 |
| 440.0 <> 440.5 |      3 |   204 |
| 440.5 <> 441.0 |     37 | 11769 |
| 441.0 <> 441.5 |      4 |   662 |
| 441.5 <> 442.0 |     19 |  8845 |
| 442.0 <> 442.5 |     50 | 27869 |
| 442.5 <> 443.0 |      3 |  1511 |
| 443.0 <> 443.5 |     14 |  9320 |
| 443.5 <> 444.0 |      1 |  1436 |
| 444.0 <> 444.5 |     16 |  9939 |
| 444.5 <> 445.0 |     13 |  6268 |
| 445.0 <> 445.5 |      7 |  1859 |
| 445.5 <> 446.0 |     18 |  7982 |
| 446.0 <> 446.5 |      8 |  2152 |
| 446.5 <> 447.0 |     15 |  7004 |
| 447.0 <> 447.5 |     47 |  8836 |
| 447.5 <> 448.0 |      3 |  1568 |
| 448.0 <> 448.5 |      9 |  5944 |
| 448.5 <> 449.0 |      0 |     0 |
| 449.0 <> 449.5 |      1 |    56 |
| 449.5 <> 450.0 |      1 |    56 |
| 450.0 <> 450.5 |      2 |   151 |
| 450.5 <> 451.0 |     38 |  9172 |
| 451.0 <> 451.5 |      1 |    56 |
| 451.5 <> 452.0 |      1 |    72 |
| 452.0 <> 452.5 |      1 |    68 |
| 452.5 <> 453.0 |      5 |  1144 |
| 453.0 <> 453.5 |     12 |  7139 |
| 453.5 <> 454.0 |      0 |     0 |
| 454.0 <> 454.5 |      1 |    56 |
| 454.5 <> 455.0 |      2 |   136 |
| 455.0 <> 455.5 |     28 | 22291 |
| 455.5 <> 456.0 |      5 |  1132 |
| 456.0 <> 456.5 |     17 |  5524 |
| 456.5 <> 457.0 |      8 |   536 |
| 457.0 <> 457.5 |      0 |     0 |
| 457.5 <> 458.0 |     39 | 25182 |
| 458.0 <> 458.5 |     22 | 17202 |
| 458.5 <> 459.0 |      1 |    68 |
| 459.0 <> 459.5 |     13 |  8688 |
| 459.5 <> 460.0 |     24 | 10373 |
| 460.0 <> 460.5 |      1 |    83 |
| 460.5 <> 461.0 |      0 |     0 |
| 461.0 <> 461.5 |     30 | 22728 |
| 461.5 <> 462.0 |     12 | 10208 |
| 462.0 <> 462.5 |      0 |     0 |
| 462.5 <> 463.0 |      1 |    68 |
| 463.0 <> 463.5 |      0 |     0 |
| 463.5 <> 464.0 |      6 |  1212 |
| 464.0 <> 464.5 |      2 |   136 |
| 464.5 <> 465.0 |      0 |     0 |
| 465.0 <> 465.5 |     20 | 15285 |
| 465.5 <> 466.0 |      0 |     0 |
| 466.0 <> 466.5 |      1 |    56 |
| 466.5 <> 467.0 |      1 |    72 |
| 467.0 <> 467.5 |      0 |     0 |
| 467.5 <> 468.0 |      1 |    56 |
| 468.0 <> 468.5 |      0 |     0 |
| 468.5 <> 469.0 |      1 |    68 |
| 469.0 <> 469.5 |     16 | 14768 |
| 469.5 <> 470.0 |      0 |     0 |
| 470.0 <> 470.5 |      3 |   236 |
| 470.5 <> 471.0 |      0 |     0 |
| 471.0 <> 471.5 |      0 |     0 |
| 471.5 <> 472.0 |      1 |    72 |
| 472.0 <> 472.5 |      0 |     0 |
| 472.5 <> 473.0 |      0 |     0 |
| 473.0 <> 473.5 |      0 |     0 |
| 473.5 <> 474.0 |      0 |     0 |
| 474.0 <> 474.5 |      0 |     0 |
| 474.5 <> 475.0 |     25 | 22627 |
| 475.0 <> 475.5 |     21 | 16496 |
| 475.5 <> 476.0 |      0 |     0 |
| 476.0 <> 476.5 |      0 |     0 |
| 476.5 <> 477.0 |     15 |  3909 |
| 477.0 <> 477.5 |      2 |   538 |
| 477.5 <> 478.0 |      0 |     0 |
| 478.0 <> 478.5 |     10 |  2690 |
| 478.5 <> 479.0 |      0 |     0 |
| 479.0 <> 479.5 |      0 |     0 |
| 479.5 <> 480.0 |      2 |  1492 |
| 480.0 <> 480.5 |      7 |  2247 |
| 480.5 <> 481.0 |      3 |  1985 |
| 481.0 <> 481.5 |      4 |   686 |
| 481.5 <> 482.0 |      1 |    72 |
| 482.0 <> 482.5 |      0 |     0 |
| 482.5 <> 483.0 |     20 |  3430 |
| 483.0 <> 483.5 |      0 |     0 |
| 483.5 <> 484.0 |      2 |   136 |
| 484.0 <> 484.5 |     42 | 23304 |
| 484.5 <> 485.0 |     27 | 16562 |
| 485.0 <> 485.5 |      3 |   236 |
| 485.5 <> 486.0 |     10 |  1920 |
| 486.0 <> 486.5 |      6 |   774 |
| 486.5 <> 487.0 |      5 |  1982 |
| 487.0 <> 487.5 |      0 |     0 |
| 487.5 <> 488.0 |     21 | 17844 |
| 488.0 <> 488.5 |     20 | 16719 |
| 488.5 <> 489.0 |     17 | 12876 |
| 489.0 <> 489.5 |      2 |   136 |
| 489.5 <> 490.0 |     20 | 18056 |
| 490.0 <> 490.5 |      5 |   372 |
| 490.5 <> 491.0 |      9 |  7452 |
| 491.0 <> 491.5 |     20 | 19144 |
| 491.5 <> 492.0 |     12 | 10396 |
| 492.0 <> 492.5 |     34 | 27438 |
| 492.5 <> 493.0 |      0 |     0 |
| 493.0 <> 493.5 |      9 |  8276 |
| 493.5 <> 494.0 |     21 | 21948 |
| 494.0 <> 494.5 |     15 | 12790 |
| 494.5 <> 495.0 |     46 | 32641 |
| 495.0 <> 495.5 |     48 | 28202 |
| 495.5 <> 496.0 |     56 | 32323 |
| 496.0 <> 496.5 |      1 |    68 |
| 496.5 <> 497.0 |     40 | 33418 |
| 497.0 <> 497.5 |     35 | 31388 |
| 497.5 <> 498.0 |     15 | 10159 |
| 498.0 <> 498.5 |      0 |     0 |
| 498.5 <> 499.0 |     11 |   836 |
| 499.0 <> 499.5 |      0 |     0 |
| 499.5 <> 500.0 |      0 |     0 |
| 500.0 <> 500.5 |      0 |     0 |
| 500.5 <> 501.0 |      0 |     0 |
| 501.0 <> 501.5 |      0 |     0 |
| 501.5 <> 502.0 |      0 |     0 |
| 502.0 <> 502.5 |      0 |     0 |
| 502.5 <> 503.0 |      0 |     0 |
| 503.0 <> 503.5 |      0 |     0 |
| 503.5 <> 504.0 |      0 |     0 |
| 504.0 <> 504.5 |      0 |     0 |
| 504.5 <> 505.0 |     19 |  1614 |
| 505.0 <> 505.5 |      1 |    83 |
| 505.5 <> 506.0 |      0 |     0 |
| 506.0 <> 506.5 |      0 |     0 |
| 506.5 <> 507.0 |      0 |     0 |
| 507.0 <> 507.5 |      0 |     0 |
| 507.5 <> 508.0 |      0 |     0 |
| 508.0 <> 508.5 |      0 |     0 |
| 508.5 <> 509.0 |     27 | 18376 |
| 509.0 <> 509.5 |     43 | 30312 |
| 509.5 <> 510.0 |     46 | 33712 |
| 510.0 <> 510.5 |     33 | 18997 |
| 510.5 <> 511.0 |     44 | 22239 |
| 511.0 <> 511.5 |     14 |  4345 |
| 511.5 <> 512.0 |      0 |     0 |
| 512.0 <> 512.5 |      0 |     0 |
| 512.5 <> 513.0 |      0 |     0 |
| 513.0 <> 513.5 |      3 |   204 |
| 513.5 <> 514.0 |      0 |     0 |
| 514.0 <> 514.5 |      0 |     0 |
| 514.5 <> 515.0 |      0 |     0 |
| 515.0 <> 515.5 |      1 |    83 |
| 515.5 <> 516.0 |     26 |  1820 |
| 516.0 <> 516.5 |     11 |   935 |
| 516.5 <> 517.0 |      0 |     0 |
| 517.0 <> 517.5 |      0 |     0 |
| 517.5 <> 518.0 |      0 |     0 |
| 518.0 <> 518.5 |      0 |     0 |
| 518.5 <> 519.0 |      0 |     0 |
| 519.0 <> 519.5 |      6 |   456 |
| 519.5 <> 520.0 |      2 |   132 |
| 520.0 <> 520.5 |      2 |   132 |
| 520.5 <> 521.0 |      0 |     0 |
| 521.0 <> 521.5 |      0 |     0 |
| 521.5 <> 522.0 |      0 |     0 |
| 522.0 <> 522.5 |      8 |   528 |
| 522.5 <> 523.0 |      0 |     0 |
| 523.0 <> 523.5 |      0 |     0 |
| 523.5 <> 524.0 |      0 |     0 |
| 524.0 <> 524.5 |      0 |     0 |
| 524.5 <> 525.0 |      2 |  1492 |
| 525.0 <> 525.5 |      6 |   456 |
| 525.5 <> 526.0 |      0 |     0 |
| 526.0 <> 526.5 |      2 |   765 |
| 526.5 <> 527.0 |      0 |     0 |
| 527.0 <> 527.5 |      0 |     0 |
| 527.5 <> 528.0 |      0 |     0 |
| 528.0 <> 528.5 |      3 |   213 |
| 528.5 <> 529.0 |      0 |     0 |
| 529.0 <> 529.5 |      0 |     0 |
| 529.5 <> 530.0 |      0 |     0 |
| 530.0 <> 530.5 |      0 |     0 |
| 530.5 <> 531.0 |      0 |     0 |
| 531.0 <> 531.5 |      0 |     0 |
| 531.5 <> 532.0 |      0 |     0 |
| 532.0 <> 532.5 |      6 |   396 |
| 532.5 <> 533.0 |      4 |   264 |
| 533.0 <> 533.5 |      5 |   357 |
| 533.5 <> 534.0 |      0 |     0 |
| 534.0 <> 534.5 |      0 |     0 |
| 534.5 <> 535.0 |      0 |     0 |
| 535.0 <> 535.5 |      0 |     0 |
| 535.5 <> 536.0 |      0 |     0 |
| 536.0 <> 536.5 |      0 |     0 |
| 536.5 <> 537.0 |      0 |     0 |
| 537.0 <> 537.5 |      0 |     0 |
| 537.5 <> 538.0 |      0 |     0 |
| 538.0 <> 538.5 |      3 |   225 |
| 538.5 <> 539.0 |      0 |     0 |
| 539.0 <> 539.5 |      0 |     0 |
| 539.5 <> 540.0 |      0 |     0 |
| 540.0 <> 540.5 |      0 |     0 |
| 540.5 <> 541.0 |      0 |     0 |
| 541.0 <> 541.5 |      0 |     0 |
| 541.5 <> 542.0 |      0 |     0 |
| 542.0 <> 542.5 |      0 |     0 |
| 542.5 <> 543.0 |      0 |     0 |
| 543.0 <> 543.5 |      3 |   225 |
| 543.5 <> 544.0 |      0 |     0 |
| 544.0 <> 544.5 |      0 |     0 |
| 544.5 <> 545.0 |      0 |     0 |
| 545.0 <> 545.5 |      0 |     0 |
| 545.5 <> 546.0 |      0 |     0 |
| 546.0 <> 546.5 |      0 |     0 |
| 546.5 <> 547.0 |      0 |     0 |
| 547.0 <> 547.5 |      0 |     0 |
| 547.5 <> 548.0 |      0 |     0 |
| 548.0 <> 548.5 |      3 |   225 |
| 548.5 <> 549.0 |      0 |     0 |
| 549.0 <> 549.5 |      0 |     0 |
| 549.5 <> 550.0 |      0 |     0 |
| 550.0 <> 550.5 |      0 |     0 |
| 550.5 <> 551.0 |      0 |     0 |
| 551.0 <> 551.5 |      0 |     0 |
| 551.5 <> 552.0 |      0 |     0 |
| 552.0 <> 552.5 |      0 |     0 |
| 552.5 <> 553.0 |      0 |     0 |
| 553.0 <> 553.5 |      3 |   225 |
| 553.5 <> 554.0 |      0 |     0 |
| 554.0 <> 554.5 |      0 |     0 |
| 554.5 <> 555.0 |      0 |     0 |
| 555.0 <> 555.5 |      0 |     0 |
| 555.5 <> 556.0 |      0 |     0 |
| 556.0 <> 556.5 |      2 |  2872 |
| 556.5 <> 557.0 |      0 |     0 |
| 557.0 <> 557.5 |      0 |     0 |
| 557.5 <> 558.0 |      1 |  1436 |
| 558.0 <> 558.5 |      6 |   429 |
| 558.5 <> 559.0 |      0 |     0 |
| 559.0 <> 559.5 |     14 |  4971 |
| 559.5 <> 560.0 |      0 |     0 |
| 560.0 <> 560.5 |      0 |     0 |
| 560.5 <> 561.0 |      0 |     0 |
| 561.0 <> 561.5 |      0 |     0 |
| 561.5 <> 562.0 |      0 |     0 |
| 562.0 <> 562.5 |      0 |     0 |
| 562.5 <> 563.0 |      0 |     0 |
| 563.0 <> 563.5 |      3 |   225 |
| 563.5 <> 564.0 |      0 |     0 |
| 564.0 <> 564.5 |      0 |     0 |
| 564.5 <> 565.0 |      0 |     0 |
| 565.0 <> 565.5 |      0 |     0 |
| 565.5 <> 566.0 |      0 |     0 |
| 566.0 <> 566.5 |      3 |  2213 |
| 566.5 <> 567.0 |      0 |     0 |
| 567.0 <> 567.5 |      0 |     0 |
| 567.5 <> 568.0 |      1 |    68 |
| 568.0 <> 568.5 |      3 |   225 |
| 568.5 <> 569.0 |      0 |     0 |
| 569.0 <> 569.5 |      0 |     0 |
| 569.5 <> 570.0 |      0 |     0 |
| 570.0 <> 570.5 |      7 |  1450 |
| 570.5 <> 571.0 |      6 |  1944 |
| 571.0 <> 571.5 |     46 | 18753 |
| 571.5 <> 572.0 |     11 |  6562 |
| 572.0 <> 572.5 |      0 |     0 |
| 572.5 <> 573.0 |      0 |     0 |
| 573.0 <> 573.5 |      1 |    73 |
| 573.5 <> 574.0 |      0 |     0 |
| 574.0 <> 574.5 |      0 |     0 |
| 574.5 <> 575.0 |      1 |  1436 |
| 575.0 <> 575.5 |      0 |     0 |
| 575.5 <> 576.0 |      0 |     0 |
| 576.0 <> 576.5 |      3 |   597 |
| 576.5 <> 577.0 |      0 |     0 |
| 577.0 <> 577.5 |      6 |   717 |
| 577.5 <> 578.0 |      5 |  1196 |
| 578.0 <> 578.5 |      0 |     0 |
| 578.5 <> 579.0 |      0 |     0 |
| 579.0 <> 579.5 |      0 |     0 |
| 579.5 <> 580.0 |      0 |     0 |
| 580.0 <> 580.5 |      0 |     0 |
| 580.5 <> 581.0 |      0 |     0 |
| 581.0 <> 581.5 |      0 |     0 |
| 581.5 <> 582.0 |      0 |     0 |
| 582.0 <> 582.5 |      0 |     0 |
| 582.5 <> 583.0 |      2 |   518 |
| 583.0 <> 583.5 |      0 |     0 |
| 583.5 <> 584.0 |      0 |     0 |
| 584.0 <> 584.5 |      0 |     0 |
| 584.5 <> 585.0 |      0 |     0 |
| 585.0 <> 585.5 |      0 |     0 |
| 585.5 <> 586.0 |      0 |     0 |
| 586.0 <> 586.5 |      0 |     0 |
| 586.5 <> 587.0 |      0 |     0 |
| 587.0 <> 587.5 |      0 |     0 |
| 587.5 <> 588.0 |      0 |     0 |
| 588.0 <> 588.5 |      0 |     0 |
| 588.5 <> 589.0 |      0 |     0 |
| 589.0 <> 589.5 |      0 |     0 |
| 589.5 <> 590.0 |      0 |     0 |
| 590.0 <> 590.5 |      0 |     0 |
| 590.5 <> 591.0 |      0 |     0 |
| 591.0 <> 591.5 |      0 |     0 |
| 591.5 <> 592.0 |      0 |     0 |
| 592.0 <> 592.5 |      0 |     0 |
| 592.5 <> 593.0 |      0 |     0 |
| 593.0 <> 593.5 |      0 |     0 |
| 593.5 <> 594.0 |      0 |     0 |
| 594.0 <> 594.5 |      0 |     0 |
| 594.5 <> 595.0 |      0 |     0 |
| 595.0 <> 595.5 |      0 |     0 |
| 595.5 <> 596.0 |      0 |     0 |
| 596.0 <> 596.5 |      2 |  1492 |
| 596.5 <> 597.0 |      0 |     0 |
| 597.0 <> 597.5 |      1 |    76 |
| 597.5 <> 598.0 |      0 |     0 |
| 598.0 <> 598.5 |      2 |  1492 |
| 598.5 <> 599.0 |      0 |     0 |
| 599.0 <> 599.5 |      0 |     0 |
| 599.5 <> 600.0 |      0 |     0 |
| 600.0 <> 600.5 |      1 |    76 |
| 600.5 <> 601.0 |      0 |     0 |
| 601.0 <> 601.5 |      0 |     0 |
| 601.5 <> 602.0 |      0 |     0 |
| 602.0 <> 602.5 |      0 |     0 |
| 602.5 <> 603.0 |      0 |     0 |
| 603.0 <> 603.5 |      0 |     0 |
| 603.5 <> 604.0 |      0 |     0 |
| 604.0 <> 604.5 |      0 |     0 |
| 604.5 <> 605.0 |      0 |     0 |
| 605.0 <> 605.5 |      0 |     0 |
| 605.5 <> 606.0 |      0 |     0 |
| 606.0 <> 606.5 |      1 |    76 |
| 606.5 <> 607.0 |      0 |     0 |
| 607.0 <> 607.5 |      0 |     0 |
| 607.5 <> 608.0 |      0 |     0 |
| 608.0 <> 608.5 |      0 |     0 |
| 608.5 <> 609.0 |      0 |     0 |
| 609.0 <> 609.5 |      3 |   363 |
| 609.5 <> 610.0 |      1 |    68 |
| 610.0 <> 610.5 |      0 |     0 |
| 610.5 <> 611.0 |      0 |     0 |
| 611.0 <> 611.5 |      0 |     0 |
| 611.5 <> 612.0 |      0 |     0 |
| 612.0 <> 612.5 |      0 |     0 |
| 612.5 <> 613.0 |      0 |     0 |
| 613.0 <> 613.5 |      2 |   310 |
| 613.5 <> 614.0 |      0 |     0 |
| 614.0 <> 614.5 |      0 |     0 |
| 614.5 <> 615.0 |      0 |     0 |
| 615.0 <> 615.5 |      0 |     0 |
| 615.5 <> 616.0 |      0 |     0 |
| 616.0 <> 616.5 |      0 |     0 |
| 616.5 <> 617.0 |      0 |     0 |
| 617.0 <> 617.5 |      0 |     0 |
| 617.5 <> 618.0 |      0 |     0 |
| 618.0 <> 618.5 |      0 |     0 |
| 618.5 <> 619.0 |      3 |   365 |
| 619.0 <> 619.5 |      3 |   674 |
| 619.5 <> 620.0 |      0 |     0 |
| 620.0 <> 620.5 |      9 |  1836 |
| 620.5 <> 621.0 |      7 |   926 |
| 621.0 <> 621.5 |      5 |  1390 |
| 621.5 <> 622.0 |      0 |     0 |
| 622.0 <> 622.5 |      1 |    68 |
| 622.5 <> 623.0 |      0 |     0 |
| 623.0 <> 623.5 |      2 |   156 |
| 623.5 <> 624.0 |      0 |     0 |
| 624.0 <> 624.5 |      2 |   136 |
| 624.5 <> 625.0 |      0 |     0 |
| 625.0 <> 625.5 |      1 |    83 |
| 625.5 <> 626.0 |      0 |     0 |
| 626.0 <> 626.5 |      6 |   428 |
| 626.5 <> 627.0 |     21 | 12469 |
| 627.0 <> 627.5 |     57 | 12997 |
| 627.5 <> 628.0 |     39 |  7366 |
| 628.0 <> 628.5 |     41 | 10413 |
| 628.5 <> 629.0 |     16 |  2946 |
| 629.0 <> 629.5 |     13 |  7000 |
| 629.5 <> 630.0 |     10 |  1243 |
| 630.0 <> 630.5 |     27 | 13743 |
| 630.5 <> 631.0 |     14 |  8679 |
| 631.0 <> 631.5 |     42 | 20192 |
| 631.5 <> 632.0 |     16 |  2430 |
| 632.0 <> 632.5 |     12 |  3228 |
| 632.5 <> 633.0 |      4 |   312 |
| 633.0 <> 633.5 |      2 |   136 |
| 633.5 <> 634.0 |      4 |  1672 |
| 634.0 <> 634.5 |      1 |   551 |
| 634.5 <> 635.0 |      2 |  1261 |
| 635.0 <> 635.5 |      4 |  1322 |
| 635.5 <> 636.0 |      2 |  1161 |
| 636.0 <> 636.5 |      6 |  2021 |
| 636.5 <> 637.0 |      3 |   821 |
| 637.0 <> 637.5 |     14 |  2202 |
| 637.5 <> 638.0 |     20 |  4608 |
| 638.0 <> 638.5 |      8 |  1205 |
| 638.5 <> 639.0 |      6 |   468 |
| 639.0 <> 639.5 |      3 |  2059 |
| 639.5 <> 640.0 |      5 |  3522 |
| 640.0 <> 640.5 |      3 |   746 |
| 640.5 <> 641.0 |      1 |  1280 |
| 641.0 <> 641.5 |      0 |     0 |
| 641.5 <> 642.0 |      0 |     0 |
| 642.0 <> 642.5 |      2 |  1516 |
| 642.5 <> 643.0 |      1 |   551 |
| 643.0 <> 643.5 |      1 |   565 |
| 643.5 <> 644.0 |      1 |    68 |
| 644.0 <> 644.5 |      0 |     0 |
| 644.5 <> 645.0 |      4 |  1330 |
| 645.0 <> 645.5 |      2 |   148 |
| 645.5 <> 646.0 |      1 |   586 |
| 646.0 <> 646.5 |      2 |  1271 |
| 646.5 <> 647.0 |      0 |     0 |
| 647.0 <> 647.5 |      0 |     0 |
| 647.5 <> 648.0 |      5 |  2146 |
| 648.0 <> 648.5 |      3 |   608 |
| 648.5 <> 649.0 |      0 |     0 |
| 649.0 <> 649.5 |     10 |  1890 |
| 649.5 <> 650.0 |     14 |  1092 |
| 650.0 <> 650.5 |     12 |   928 |
| 650.5 <> 651.0 |      4 |  1424 |
| 651.0 <> 651.5 |     16 |  2744 |
| 651.5 <> 652.0 |      1 |   669 |
| 652.0 <> 652.5 |      0 |     0 |
| 652.5 <> 653.0 |      2 |  1516 |
| 653.0 <> 653.5 |      4 |   861 |
| 653.5 <> 654.0 |     15 |  7848 |
| 654.0 <> 654.5 |     12 |  8824 |
| 654.5 <> 655.0 |      4 |  2728 |
| 655.0 <> 655.5 |      3 |   816 |
| 655.5 <> 656.0 |      3 |   419 |
| 656.0 <> 656.5 |      9 |  6614 |
| 656.5 <> 657.0 |      2 |  1504 |
| 657.0 <> 657.5 |      0 |     0 |
| 657.5 <> 658.0 |      4 |  3008 |
| 658.0 <> 658.5 |      5 |  3064 |
| 658.5 <> 659.0 |      0 |     0 |
| 659.0 <> 659.5 |      2 |   607 |
| 659.5 <> 660.0 |      0 |     0 |
| 660.0 <> 660.5 |      5 |   340 |
| 660.5 <> 661.0 |      1 |    83 |
| 661.0 <> 661.5 |      1 |   565 |
| 661.5 <> 662.0 |      0 |     0 |
| 662.0 <> 662.5 |      4 |  1124 |
| 662.5 <> 663.0 |      0 |     0 |
| 663.0 <> 663.5 |      0 |     0 |
| 663.5 <> 664.0 |      2 |  1174 |
| 664.0 <> 664.5 |      0 |     0 |
| 664.5 <> 665.0 |      0 |     0 |
| 665.0 <> 665.5 |      3 |  1428 |
| 665.5 <> 666.0 |      1 |    83 |
| 666.0 <> 666.5 |      1 |   586 |
| 666.5 <> 667.0 |      3 |   911 |
| 667.0 <> 667.5 |     21 | 13716 |
| 667.5 <> 668.0 |     18 |  9432 |
| 668.0 <> 668.5 |      7 |   476 |
| 668.5 <> 669.0 |     52 | 26792 |
| 669.0 <> 669.5 |     29 | 18388 |
| 669.5 <> 670.0 |     45 | 23973 |
| 670.0 <> 670.5 |     46 | 18513 |
| 670.5 <> 671.0 |      9 |  6099 |
| 671.0 <> 671.5 |     24 | 19416 |
| 671.5 <> 672.0 |     42 | 17897 |
| 672.0 <> 672.5 |     14 |  9160 |
| 672.5 <> 673.0 |     20 | 10924 |
| 673.0 <> 673.5 |      6 |   408 |
| 673.5 <> 674.0 |     21 | 13502 |
| 674.0 <> 674.5 |     31 | 22628 |
| 674.5 <> 675.0 |     15 |  7994 |
| 675.0 <> 675.5 |     15 |  3518 |
| 675.5 <> 676.0 |      9 |  1349 |
| 676.0 <> 676.5 |     12 |  1936 |
| 676.5 <> 677.0 |      6 |   542 |
| 677.0 <> 677.5 |      3 |   204 |
| 677.5 <> 678.0 |      2 |   136 |
| 678.0 <> 678.5 |      7 |   452 |
| 678.5 <> 679.0 |      3 |   805 |
| 679.0 <> 679.5 |      1 |    68 |
| 679.5 <> 680.0 |      4 |  1210 |
| 680.0 <> 680.5 |      2 |   148 |
| 680.5 <> 681.0 |      1 |    83 |
| 681.0 <> 681.5 |      0 |     0 |
| 681.5 <> 682.0 |      1 |   669 |
| 682.0 <> 682.5 |      0 |     0 |
| 682.5 <> 683.0 |      0 |     0 |
| 683.0 <> 683.5 |     38 |  2602 |
| 683.5 <> 684.0 |     12 |  1016 |
| 684.0 <> 684.5 |      1 |    68 |
| 684.5 <> 685.0 |     11 |  2193 |
| 685.0 <> 685.5 |      6 |  1621 |
| 685.5 <> 686.0 |      8 |  2506 |
| 686.0 <> 686.5 |      1 |    83 |
| 686.5 <> 687.0 |      0 |     0 |
| 687.0 <> 687.5 |      8 |   832 |
| 687.5 <> 688.0 |      1 |    68 |
| 688.0 <> 688.5 |      9 |  1716 |
| 688.5 <> 689.0 |      6 |   396 |
| 689.0 <> 689.5 |      5 |   593 |
| 689.5 <> 690.0 |      3 |   209 |
| 690.0 <> 690.5 |      3 |   227 |
| 690.5 <> 691.0 |      0 |     0 |
| 691.0 <> 691.5 |      1 |    83 |
| 691.5 <> 692.0 |      0 |     0 |
| 692.0 <> 692.5 |      0 |     0 |
| 692.5 <> 693.0 |      0 |     0 |
| 693.0 <> 693.5 |      3 |   705 |
| 693.5 <> 694.0 |      0 |     0 |
| 694.0 <> 694.5 |      0 |     0 |
| 694.5 <> 695.0 |      1 |    73 |
| 695.0 <> 695.5 |      3 |   227 |
| 695.5 <> 696.0 |      0 |     0 |
| 696.0 <> 696.5 |      2 |   648 |
| 696.5 <> 697.0 |      0 |     0 |
| 697.0 <> 697.5 |      0 |     0 |
| 697.5 <> 698.0 |      0 |     0 |
| 698.0 <> 698.5 |      2 |   154 |
| 698.5 <> 699.0 |      0 |     0 |
| 699.0 <> 699.5 |      0 |     0 |
| 699.5 <> 700.0 |      1 |    73 |
| 700.0 <> 700.5 |      3 |   227 |
| 700.5 <> 701.0 |      0 |     0 |
| 701.0 <> 701.5 |      1 |    83 |
| 701.5 <> 702.0 |      1 |   586 |
| 702.0 <> 702.5 |      1 |   588 |
| 702.5 <> 703.0 |      0 |     0 |
| 703.0 <> 703.5 |      2 |   154 |
| 703.5 <> 704.0 |      0 |     0 |
| 704.0 <> 704.5 |      2 |   799 |
| 704.5 <> 705.0 |      9 |  1039 |
| 705.0 <> 705.5 |      7 |   933 |
| 705.5 <> 706.0 |      5 |   462 |
| 706.0 <> 706.5 |      8 |   559 |
| 706.5 <> 707.0 |      8 |  1466 |
| 707.0 <> 707.5 |     19 |  1266 |
| 707.5 <> 708.0 |      1 |    56 |
| 708.0 <> 708.5 |     12 |  1172 |
| 708.5 <> 709.0 |      6 |   530 |
| 709.0 <> 709.5 |     20 |  4781 |
| 709.5 <> 710.0 |     20 |  3776 |
| 710.0 <> 710.5 |     10 |  2328 |
| 710.5 <> 711.0 |      8 |  2121 |
| 711.0 <> 711.5 |     29 |  4432 |
| 711.5 <> 712.0 |     12 |  2408 |
| 712.0 <> 712.5 |     64 | 33318 |
| 712.5 <> 713.0 |     41 | 30148 |
| 713.0 <> 713.5 |      5 |  1686 |
| 713.5 <> 714.0 |     10 |  4653 |
| 714.0 <> 714.5 |     22 | 14538 |
| 714.5 <> 715.0 |     38 | 28576 |
| 715.0 <> 715.5 |     49 | 34796 |
| 715.5 <> 716.0 |     46 | 34592 |
| 716.0 <> 716.5 |     49 | 32075 |
| 716.5 <> 717.0 |     59 | 34108 |
| 717.0 <> 717.5 |     34 | 32408 |
| 717.5 <> 718.0 |     35 | 32394 |
| 718.0 <> 718.5 |     35 | 32476 |
| 718.5 <> 719.0 |     37 | 32612 |
| 719.0 <> 719.5 |     35 | 33844 |
| 719.5 <> 720.0 |     34 | 32408 |
| 720.0 <> 720.5 |     33 | 30063 |
| 720.5 <> 721.0 |     41 | 35723 |
| 721.0 <> 721.5 |     19 | 14202 |
| 721.5 <> 722.0 |      3 |   831 |
| 722.0 <> 722.5 |      6 |  1016 |
| 722.5 <> 723.0 |      2 |   136 |
| 723.0 <> 723.5 |      0 |     0 |
| 723.5 <> 724.0 |      0 |     0 |
| 724.0 <> 724.5 |      3 |   204 |
| 724.5 <> 725.0 |      6 |   408 |
| 725.0 <> 725.5 |      1 |    68 |
| 725.5 <> 726.0 |      0 |     0 |
| 726.0 <> 726.5 |      0 |     0 |
| 726.5 <> 727.0 |      1 |    68 |
| 727.0 <> 727.5 |      0 |     0 |
| 727.5 <> 728.0 |      2 |   152 |
| 728.0 <> 728.5 |      5 |   975 |
| 728.5 <> 729.0 |      0 |     0 |
| 729.0 <> 729.5 |      0 |     0 |
| 729.5 <> 730.0 |      0 |     0 |
| 730.0 <> 730.5 |      1 |    68 |
| 730.5 <> 731.0 |      0 |     0 |
| 731.0 <> 731.5 |      7 |  1084 |
| 731.5 <> 732.0 |      0 |     0 |
| 732.0 <> 732.5 |      0 |     0 |
| 732.5 <> 733.0 |      0 |     0 |
| 733.0 <> 733.5 |      1 |    68 |
| 733.5 <> 734.0 |      2 |   136 |
| 734.0 <> 734.5 |      0 |     0 |
| 734.5 <> 735.0 |      0 |     0 |
| 735.0 <> 735.5 |      0 |     0 |
| 735.5 <> 736.0 |      0 |     0 |
| 736.0 <> 736.5 |      0 |     0 |
| 736.5 <> 737.0 |      0 |     0 |
| 737.0 <> 737.5 |      0 |     0 |
| 737.5 <> 738.0 |      0 |     0 |
| 738.0 <> 738.5 |      0 |     0 |
| 738.5 <> 739.0 |      0 |     0 |
| 739.0 <> 739.5 |      0 |     0 |
| 739.5 <> 740.0 |      0 |     0 |
| 740.0 <> 740.5 |      2 |   469 |
| 740.5 <> 741.0 |      0 |     0 |
| 741.0 <> 741.5 |      0 |     0 |
| 741.5 <> 742.0 |      0 |     0 |
| 742.0 <> 742.5 |      0 |     0 |
| 742.5 <> 743.0 |      0 |     0 |
| 743.0 <> 743.5 |      0 |     0 |
| 743.5 <> 744.0 |      0 |     0 |
| 744.0 <> 744.5 |      0 |     0 |
| 744.5 <> 745.0 |      0 |     0 |
| 745.0 <> 745.5 |      0 |     0 |
| 745.5 <> 746.0 |      0 |     0 |
| 746.0 <> 746.5 |      0 |     0 |
| 746.5 <> 747.0 |      0 |     0 |
| 747.0 <> 747.5 |      0 |     0 |
| 747.5 <> 748.0 |      0 |     0 |
| 748.0 <> 748.5 |      0 |     0 |
| 748.5 <> 749.0 |      0 |     0 |
| 749.0 <> 749.5 |      0 |     0 |
| 749.5 <> 750.0 |      0 |     0 |
| 750.0 <> 750.5 |      0 |     0 |
| 750.5 <> 751.0 |      0 |     0 |
| 751.0 <> 751.5 |      0 |     0 |
| 751.5 <> 752.0 |      0 |     0 |
| 752.0 <> 752.5 |      0 |     0 |
| 752.5 <> 753.0 |      0 |     0 |
| 753.0 <> 753.5 |      0 |     0 |
| 753.5 <> 754.0 |      0 |     0 |
| 754.0 <> 754.5 |      0 |     0 |
| 754.5 <> 755.0 |      0 |     0 |
| 755.0 <> 755.5 |      1 |    76 |
| 755.5 <> 756.0 |      0 |     0 |
| 756.0 <> 756.5 |      0 |     0 |
| 756.5 <> 757.0 |      0 |     0 |
| 757.0 <> 757.5 |      0 |     0 |
| 757.5 <> 758.0 |      3 |   363 |
| 758.0 <> 758.5 |      1 |    68 |
| 758.5 <> 759.0 |      0 |     0 |
| 759.0 <> 759.5 |      0 |     0 |
| 759.5 <> 760.0 |      0 |     0 |
| 760.0 <> 760.5 |      0 |     0 |
| 760.5 <> 761.0 |      0 |     0 |
| 761.0 <> 761.5 |      0 |     0 |
| 761.5 <> 762.0 |      2 |   310 |
| 762.0 <> 762.5 |      0 |     0 |
| 762.5 <> 763.0 |      0 |     0 |
| 763.0 <> 763.5 |      0 |     0 |
| 763.5 <> 764.0 |      0 |     0 |
| 764.0 <> 764.5 |      0 |     0 |
| 764.5 <> 765.0 |      0 |     0 |
| 765.0 <> 765.5 |      0 |     0 |
| 765.5 <> 766.0 |      0 |     0 |
| 766.0 <> 766.5 |      0 |     0 |
| 766.5 <> 767.0 |      3 |   365 |
| 767.0 <> 767.5 |      3 |   638 |
| 767.5 <> 768.0 |      0 |     0 |
| 768.0 <> 768.5 |      4 |   461 |
| 768.5 <> 769.0 |     13 |  6049 |
| 769.0 <> 769.5 |     50 | 31620 |
| 769.5 <> 770.0 |     55 | 33253 |
| 770.0 <> 770.5 |     54 | 33772 |
| 770.5 <> 771.0 |     40 | 30540 |
| 771.0 <> 771.5 |     47 | 31827 |
| 771.5 <> 772.0 |     40 | 31114 |
| 772.0 <> 772.5 |     22 | 11940 |
| 772.5 <> 773.0 |     25 | 22646 |
| 773.0 <> 773.5 |     40 | 31871 |
| 773.5 <> 774.0 |     21 | 14900 |
| 774.0 <> 774.5 |     23 |  3418 |
| 774.5 <> 775.0 |     31 |  3220 |
| 775.0 <> 775.5 |     93 | 35003 |
| 775.5 <> 776.0 |     31 | 17263 |
| 776.0 <> 776.5 |     25 | 12382 |
| 776.5 <> 777.0 |     23 | 16040 |
| 777.0 <> 777.5 |     44 | 25998 |
| 777.5 <> 778.0 |     56 | 30586 |
| 778.0 <> 778.5 |     34 | 22067 |
| 778.5 <> 779.0 |     62 | 31753 |
| 779.0 <> 779.5 |     53 | 31584 |
| 779.5 <> 780.0 |     21 |  5623 |
| 780.0 <> 780.5 |     28 | 19908 |
| 780.5 <> 781.0 |     55 | 18735 |
| 781.0 <> 781.5 |     24 | 15328 |
| 781.5 <> 782.0 |      4 |  1034 |
| 782.0 <> 782.5 |      6 |  1112 |
| 782.5 <> 783.0 |      8 |   544 |
| 783.0 <> 783.5 |     26 |  6152 |
| 783.5 <> 784.0 |     26 | 10522 |
| 784.0 <> 784.5 |     23 |  3799 |
| 784.5 <> 785.0 |     12 |  4602 |
| 785.0 <> 785.5 |     12 |  5576 |
| 785.5 <> 786.0 |     34 | 22391 |
| 786.0 <> 786.5 |     43 | 23608 |
| 786.5 <> 787.0 |     37 | 26702 |
| 787.0 <> 787.5 |     39 | 29362 |
| 787.5 <> 788.0 |     48 | 33112 |
| 788.0 <> 788.5 |     33 | 29369 |
| 788.5 <> 789.0 |     44 | 32175 |
| 789.0 <> 789.5 |     31 | 14238 |
| 789.5 <> 790.0 |     28 | 13499 |
| 790.0 <> 790.5 |     29 | 20377 |
| 790.5 <> 791.0 |     44 | 15835 |
| 791.0 <> 791.5 |     37 | 18536 |
| 791.5 <> 792.0 |     23 |  6571 |
| 792.0 <> 792.5 |     29 | 13022 |
| 792.5 <> 793.0 |      0 |     0 |
| 793.0 <> 793.5 |     13 |  9092 |
| 793.5 <> 794.0 |     11 |  7124 |
| 794.0 <> 794.5 |      1 |    68 |
| 794.5 <> 795.0 |      2 |  1516 |
| 795.0 <> 795.5 |      3 |   228 |
| 795.5 <> 796.0 |      0 |     0 |
| 796.0 <> 796.5 |      6 |  3180 |
| 796.5 <> 797.0 |      5 |   866 |
| 797.0 <> 797.5 |      2 |   140 |
| 797.5 <> 798.0 |      1 |   512 |
| 798.0 <> 798.5 |      3 |  2228 |
| 798.5 <> 799.0 |      1 |   483 |
| 799.0 <> 799.5 |      0 |     0 |
| 799.5 <> 800.0 |      0 |     0 |
| 800.0 <> 800.5 |      1 |    68 |
| 800.5 <> 801.0 |      7 |  4580 |
| 801.0 <> 801.5 |     26 | 15335 |
| 801.5 <> 802.0 |     39 | 23936 |
| 802.0 <> 802.5 |      6 |   412 |
| 802.5 <> 803.0 |      0 |     0 |
| 803.0 <> 803.5 |      4 |  2004 |
| 803.5 <> 804.0 |      0 |     0 |
| 804.0 <> 804.5 |      8 |  4684 |
| 804.5 <> 805.0 |      3 |   220 |
| 805.0 <> 805.5 |      7 |  2630 |
| 805.5 <> 806.0 |      8 |  1418 |
| 806.0 <> 806.5 |      8 |  1943 |
| 806.5 <> 807.0 |     15 | 10678 |
| 807.0 <> 807.5 |     11 |  7612 |
| 807.5 <> 808.0 |      0 |     0 |
| 808.0 <> 808.5 |      2 |   152 |
| 808.5 <> 809.0 |      2 |   156 |
| 809.0 <> 809.5 |      5 |  2478 |
| 809.5 <> 810.0 |      0 |     0 |
| 810.0 <> 810.5 |     10 |  3504 |
| 810.5 <> 811.0 |      2 |   152 |
| 811.0 <> 811.5 |      1 |    83 |
| 811.5 <> 812.0 |      5 |   377 |
| 812.0 <> 812.5 |      1 |    76 |
| 812.5 <> 813.0 |      0 |     0 |
| 813.0 <> 813.5 |      0 |     0 |
| 813.5 <> 814.0 |      0 |     0 |
| 814.0 <> 814.5 |      8 |  4676 |
| 814.5 <> 815.0 |      3 |   224 |
| 815.0 <> 815.5 |      4 |  1164 |
| 815.5 <> 816.0 |      0 |     0 |
| 816.0 <> 816.5 |      6 |  1546 |
| 816.5 <> 817.0 |      1 |    78 |
| 817.0 <> 817.5 |      0 |     0 |
| 817.5 <> 818.0 |      2 |    96 |
| 818.0 <> 818.5 |      0 |     0 |
| 818.5 <> 819.0 |      0 |     0 |
| 819.0 <> 819.5 |      2 |   396 |
| 819.5 <> 820.0 |      2 |  1516 |
| 820.0 <> 820.5 |      3 |  1596 |
| 820.5 <> 821.0 |      0 |     0 |
| 821.0 <> 821.5 |      1 |    83 |
| 821.5 <> 822.0 |      3 |   300 |
| 822.0 <> 822.5 |      0 |     0 |
| 822.5 <> 823.0 |      0 |     0 |
| 823.0 <> 823.5 |      1 |    68 |
| 823.5 <> 824.0 |      0 |     0 |
| 824.0 <> 824.5 |      2 |  1516 |
| 824.5 <> 825.0 |      0 |     0 |
| 825.0 <> 825.5 |      3 |   974 |
| 825.5 <> 826.0 |      0 |     0 |
| 826.0 <> 826.5 |      3 |   235 |
| 826.5 <> 827.0 |      5 |   642 |
| 827.0 <> 827.5 |      0 |     0 |
| 827.5 <> 828.0 |      0 |     0 |
| 828.0 <> 828.5 |      6 |  1828 |
| 828.5 <> 829.0 |      1 |   495 |
| 829.0 <> 829.5 |      3 |   484 |
| 829.5 <> 830.0 |      3 |  1596 |
| 830.0 <> 830.5 |      3 |  1596 |
| 830.5 <> 831.0 |      0 |     0 |
| 831.0 <> 831.5 |      1 |    83 |
| 831.5 <> 832.0 |      1 |    78 |
| 832.0 <> 832.5 |      1 |    76 |
| 832.5 <> 833.0 |      0 |     0 |
| 833.0 <> 833.5 |      0 |     0 |
| 833.5 <> 834.0 |      0 |     0 |
| 834.0 <> 834.5 |     20 |  8296 |
| 834.5 <> 835.0 |      9 |  2658 |
| 835.0 <> 835.5 |      5 |  1302 |
| 835.5 <> 836.0 |      1 |    68 |
| 836.0 <> 836.5 |      1 |    83 |
| 836.5 <> 837.0 |      1 |    78 |
| 837.0 <> 837.5 |      0 |     0 |
| 837.5 <> 838.0 |      0 |     0 |
| 838.0 <> 838.5 |      1 |    76 |
| 838.5 <> 839.0 |      0 |     0 |
| 839.0 <> 839.5 |      2 |   408 |
| 839.5 <> 840.0 |      1 |    80 |
| 840.0 <> 840.5 |      1 |    80 |
| 840.5 <> 841.0 |      0 |     0 |
| 841.0 <> 841.5 |      8 |  4711 |
| 841.5 <> 842.0 |     25 | 15731 |
| 842.0 <> 842.5 |      7 |  5936 |
| 842.5 <> 843.0 |      0 |     0 |
| 843.0 <> 843.5 |     17 |  6568 |
| 843.5 <> 844.0 |     34 | 17864 |
| 844.0 <> 844.5 |     11 |  7576 |
| 844.5 <> 845.0 |     28 | 14168 |
| 845.0 <> 845.5 |      6 |  1615 |
| 845.5 <> 846.0 |      9 |  1326 |
| 846.0 <> 846.5 |     29 | 10152 |
| 846.5 <> 847.0 |     16 |  2276 |
| 847.0 <> 847.5 |     18 |  2446 |
| 847.5 <> 848.0 |     11 |  2327 |
| 848.0 <> 848.5 |     24 |  3186 |
| 848.5 <> 849.0 |     20 |  3419 |
| 849.0 <> 849.5 |      8 |   706 |
| 849.5 <> 850.0 |      7 |  4705 |
| 850.0 <> 850.5 |     31 | 16130 |
| 850.5 <> 851.0 |     35 | 23759 |
| 851.0 <> 851.5 |     22 |  7948 |
| 851.5 <> 852.0 |     35 | 31633 |
| 852.0 <> 852.5 |     72 | 34415 |
| 852.5 <> 853.0 |     32 | 30904 |
| 853.0 <> 853.5 |     58 | 36344 |
| 853.5 <> 854.0 |     50 | 33043 |
| 854.0 <> 854.5 |     42 | 30216 |
| 854.5 <> 855.0 |     58 | 35483 |
| 855.0 <> 855.5 |     44 | 30392 |
| 855.5 <> 856.0 |     49 | 31801 |
| 856.0 <> 856.5 |     38 | 31048 |
| 856.5 <> 857.0 |     46 | 36038 |
| 857.0 <> 857.5 |     62 | 32267 |
| 857.5 <> 858.0 |     40 | 30123 |
| 858.0 <> 858.5 |     38 | 31332 |
| 858.5 <> 859.0 |     58 | 31018 |
| 859.0 <> 859.5 |     46 | 31454 |
| 859.5 <> 860.0 |     41 | 31435 |
| 860.0 <> 860.5 |     38 | 31272 |
| 860.5 <> 861.0 |     48 | 30796 |
| 861.0 <> 861.5 |     35 | 31096 |
| 861.5 <> 862.0 |     30 | 29400 |
| 862.0 <> 862.5 |     70 | 36089 |
| 862.5 <> 863.0 |     74 | 33437 |
| 863.0 <> 863.5 |     51 | 31390 |
| 863.5 <> 864.0 |     23 | 14663 |
| 864.0 <> 864.5 |     38 | 18805 |
| 864.5 <> 865.0 |     62 | 25228 |
| 865.0 <> 865.5 |     58 | 19810 |
| 865.5 <> 866.0 |     99 | 47911 |
| 866.0 <> 866.5 |     42 | 21674 |
| 866.5 <> 867.0 |     20 | 11171 |
| 867.0 <> 867.5 |     30 | 17724 |
| 867.5 <> 868.0 |     30 | 27202 |
| 868.0 <> 868.5 |      4 |   752 |
| 868.5 <> 869.0 |      8 |  4778 |
| 869.0 <> 869.5 |     19 |  5100 |
| 869.5 <> 870.0 |     10 |  4560 |
| 870.0 <> 870.5 |     20 |  9270 |
| 870.5 <> 871.0 |     31 | 15923 |
| 871.0 <> 871.5 |     52 | 22085 |
| 871.5 <> 872.0 |      9 |  1980 |
| 872.0 <> 872.5 |     43 | 31652 |
| 872.5 <> 873.0 |     74 | 30745 |
| 873.0 <> 873.5 |     48 | 27147 |
| 873.5 <> 874.0 |     38 |  5708 |
| 874.0 <> 874.5 |     17 |  6236 |
| 874.5 <> 875.0 |     24 | 11401 |
| 875.0 <> 875.5 |     56 | 27270 |
| 875.5 <> 876.0 |     37 | 18046 |
| 876.0 <> 876.5 |      0 |     0 |
| 876.5 <> 877.0 |     27 |  3427 |
| 877.0 <> 877.5 |     99 | 46381 |
| 877.5 <> 878.0 |     67 | 32365 |
| 878.0 <> 878.5 |     47 |  5965 |
| 878.5 <> 879.0 |      5 |   949 |
| 879.0 <> 879.5 |     10 |   680 |
| 879.5 <> 880.0 |      0 |     0 |
| 880.0 <> 880.5 |      0 |     0 |
| 880.5 <> 881.0 |      0 |     0 |
| 881.0 <> 881.5 |     18 |  1224 |
| 881.5 <> 882.0 |      0 |     0 |
| 882.0 <> 882.5 |      0 |     0 |
| 882.5 <> 883.0 |      0 |     0 |
| 883.0 <> 883.5 |     44 |  3433 |
| 883.5 <> 884.0 |     16 |  1088 |
| 884.0 <> 884.5 |     18 |  1224 |
| 884.5 <> 885.0 |      2 |   136 |
| 885.0 <> 885.5 |      2 |   136 |
| 885.5 <> 886.0 |      0 |     0 |
| 886.0 <> 886.5 |     30 |  2586 |
| 886.5 <> 887.0 |      7 |  4219 |
| 887.0 <> 887.5 |      0 |     0 |
| 887.5 <> 888.0 |      0 |     0 |
| 888.0 <> 888.5 |      0 |     0 |
| 888.5 <> 889.0 |      3 |   204 |
| 889.0 <> 889.5 |      0 |     0 |
| 889.5 <> 890.0 |      0 |     0 |
| 890.0 <> 890.5 |      0 |     0 |
| 890.5 <> 891.0 |      0 |     0 |
| 891.0 <> 891.5 |      0 |     0 |
| 891.5 <> 892.0 |      0 |     0 |
| 892.0 <> 892.5 |      0 |     0 |
| 892.5 <> 893.0 |      0 |     0 |
| 893.0 <> 893.5 |      0 |     0 |
| 893.5 <> 894.0 |      0 |     0 |
| 894.0 <> 894.5 |      0 |     0 |
| 894.5 <> 895.0 |      0 |     0 |
| 895.0 <> 895.5 |      0 |     0 |
| 895.5 <> 896.0 |      0 |     0 |
| 896.0 <> 896.5 |      1 |    83 |
| 896.5 <> 897.0 |      1 |    76 |
| 897.0 <> 897.5 |      0 |     0 |
| 897.5 <> 898.0 |      0 |     0 |
| 898.0 <> 898.5 |      0 |     0 |
| 898.5 <> 899.4 |      0 |     0 |
===================================
