
===================================
| IO Statistics                   |
|                                 |
| Interval size: 0.5 secs         |
| Col 1: Frames and bytes         |
|---------------------------------|
|                |1               |
| Interval
| Interval       | Frames | Bytes |
|---------------------------------|
|   0.0 <>   0.5 |      1 |    68 |
|   0.5 <>   1.0 |      0 |     0 |
|   1.0 <>   1.5 |      0 |     0 |
|   1.5 <>   2.0 |      0 |     0 |
|   2.0 <>   2.5 |      3 |   388 |
|   2.5 <>   3.0 |      5 |   844 |
|   3.0 <>   3.5 |      0 |     0 |
|   3.5 <>   4.0 |      6 |   935 |
|   4.0 <>   4.5 |      6 |   546 |
|   4.5 <>   5.0 |      3 |   678 |
|   5.0 <>   5.5 |      6 |   828 |
|   5.5 <>   6.0 |      6 |   880 |
|   6.0 <>   6.5 |      7 |  4580 |
|   6.5 <>   7.0 |     14 |  9119 |
|   7.0 <>   7.5 |     20 |  6525 |
|   7.5 <>   8.0 |      0 |     0 |
|   8.0 <>   8.5 |     43 | 15955 |
|   8.5 <>   9.0 |     62 | 29680 |
|   9.0 <>   9.5 |     12 |  4274 |
|   9.5 <>  10.0 |      0 |     0 |
|  10.0 <>  10.5 |     16 | 12032 |
|  10.5 <>  11.0 |     17 | 10568 |
|  11.0 <>  11.5 |     15 | 11798 |
|  11.5 <>  12.0 |      8 |  6016 |
|  12.0 <>  12.5 |     16 | 10712 |
|  12.5 <>  13.0 |     29 | 14628 |
|  13.0 <>  13.5 |     12 |  9024 |
|  13.5 <>  14.0 |     14 | 10540 |
|  14.0 <>  14.5 |     20 |  9921 |
|  14.5 <>  15.0 |     12 |  7676 |
|  15.0 <>  15.5 |     30 | 19696 |
|  15.5 <>  16.0 |     17 | 12132 |
|  16.0 <>  16.5 |     27 | 20513 |
|  16.5 <>  17.0 |     14 |  9220 |
|  17.0 <>  17.5 |     15 |  7884 |
|  17.5 <>  18.0 |     64 | 36078 |
|  18.0 <>  18.5 |     26 | 11323 |
|  18.5 <>  19.0 |     36 | 18817 |
|  19.0 <>  19.5 |     24 | 14076 |
|  19.5 <>  20.0 |     18 |  9670 |
|  20.0 <>  20.5 |      4 |  3310 |
|  20.5 <>  21.0 |     33 | 21463 |
|  21.0 <>  21.5 |     25 | 11162 |
|  21.5 <>  22.0 |     22 | 11698 |
|  22.0 <>  22.5 |     14 |  9140 |
|  22.5 <>  23.0 |     11 |  7588 |
|  23.0 <>  23.5 |     42 | 18040 |
|  23.5 <>  24.0 |     13 |  4760 |
|  24.0 <>  24.5 |     32 | 17265 |
|  24.5 <>  25.0 |     14 |  6194 |
|  25.0 <>  25.5 |      9 |  4231 |
|  25.5 <>  26.0 |      7 |  1514 |
|  26.0 <>  26.5 |      0 |     0 |
|  26.5 <>  27.0 |      6 |   396 |
|  27.0 <>  27.5 |     12 |   792 |
|  27.5 <>  28.0 |      0 |     0 |
|  28.0 <>  28.5 |      0 |     0 |
|  28.5 <>  29.0 |      3 |   192 |
|  29.0 <>  29.5 |      7 |   452 |
|  29.5 <>  30.0 |      0 |     0 |
|  30.0 <>  30.5 |      0 |     0 |
|  30.5 <>  31.0 |      0 |     0 |
|  31.0 <>  31.5 |      0 |     0 |
|  31.5 <>  32.0 |      0 |     0 |
|  32.0 <>  32.5 |      0 |     0 |
|  32.5 <>  33.0 |      0 |     0 |
|  33.0 <>  33.5 |      0 |     0 |
|  33.5 <>  34.0 |      0 |     0 |
|  34.0 <>  34.5 |      0 |     0 |
|  34.5 <>  35.0 |      0 |     0 |
|  35.0 <>  35.5 |      0 |     0 |
|  35.5 <>  36.0 |      0 |     0 |
|  36.0 <>  36.5 |      0 |     0 |
|  36.5 <>  37.0 |      0 |     0 |
|  37.0 <>  37.5 |      0 |     0 |
|  37.5 <>  38.0 |      0 |     0 |
|  38.0 <>  38.5 |      0 |     0 |
|  38.5 <>  39.0 |      0 |     0 |
|  39.0 <>  39.5 |      0 |     0 |
|  39.5 <>  40.0 |      0 |     0 |
|  40.0 <>  40.5 |      0 |     0 |
|  40.5 <>  41.0 |      0 |     0 |
|  41.0 <>  41.5 |      0 |     0 |
|  41.5 <>  42.0 |      0 |     0 |
|  42.0 <>  42.5 |      0 |     0 |
|  42.5 <>  43.0 |      0 |     0 |
|  43.0 <>  43.5 |      0 |     0 |
|  43.5 <>  44.0 |      1 |    76 |
|  44.0 <>  44.5 |      3 |   363 |
|  44.5 <>  45.0 |      1 |    68 |
|  45.0 <>  45.5 |      0 |     0 |
|  45.5 <>  46.0 |      0 |     0 |
|  46.0 <>  46.5 |      0 |     0 |
|  46.5 <>  47.0 |      2 |   310 |
|  47.0 <>  47.5 |      5 |   790 |
|  47.5 <>  48.0 |      5 |   860 |
|  48.0 <>  48.5 |      4 |   286 |
|  48.5 <>  49.0 |      0 |     0 |
|  49.0 <>  49.5 |      2 |   368 |
|  49.5 <>  50.0 |      4 |   272 |
|  50.0 <>  50.5 |      0 |     0 |
|  50.5 <>  51.0 |      0 |     0 |
|  51.0 <>  51.5 |      0 |     0 |
|  51.5 <>  52.0 |      1 |    68 |
|  52.0 <>  52.5 |      2 |   136 |
|  52.5 <>  53.0 |      0 |     0 |
|  53.0 <>  53.5 |      3 |   628 |
|  53.5 <>  54.0 |      5 |   798 |
|  54.0 <>  54.5 |      6 |   860 |
|  54.5 <>  55.0 |      4 |  2003 |
|  55.0 <>  55.5 |      4 |  1640 |
|  55.5 <>  56.0 |     17 |  9408 |
|  56.0 <>  56.5 |      4 |  3008 |
|  56.5 <>  57.0 |     40 | 27639 |
|  57.0 <>  57.5 |     27 | 15242 |
|  57.5 <>  58.0 |      2 |   136 |
|  58.0 <>  58.5 |     23 | 16612 |
|  58.5 <>  59.0 |     19 |  5877 |
|  59.0 <>  59.5 |      5 |  3076 |
|  59.5 <>  60.0 |     25 | 17349 |
|  60.0 <>  60.5 |      6 |  3140 |
|  60.5 <>  61.0 |     48 | 28505 |
|  61.0 <>  61.5 |     23 | 15711 |
|  61.5 <>  62.0 |     12 | 10392 |
|  62.0 <>  62.5 |     24 | 11478 |
|  62.5 <>  63.0 |     15 |  7384 |
|  63.0 <>  63.5 |      3 |  1572 |
|  63.5 <>  64.0 |     35 | 21215 |
|  64.0 <>  64.5 |     36 |  9299 |
|  64.5 <>  65.0 |      1 |    68 |
|  65.0 <>  65.5 |     22 | 16532 |
|  65.5 <>  66.0 |     23 | 17996 |
|  66.0 <>  66.5 |     23 | 11909 |
|  66.5 <>  67.0 |     25 | 15168 |
|  67.0 <>  67.5 |     11 |  1115 |
|  67.5 <>  68.0 |      5 |  1172 |
|  68.0 <>  68.5 |      3 |  1572 |
|  68.5 <>  69.0 |     17 | 13468 |
|  69.0 <>  69.5 |     16 |  8853 |
|  69.5 <>  70.0 |     33 |  2958 |
|  70.0 <>  70.5 |     67 | 26455 |
|  70.5 <>  71.0 |     30 | 12089 |
|  71.0 <>  71.5 |     12 |  6308 |
|  71.5 <>  72.0 |     26 | 12938 |
|  72.0 <>  72.5 |     12 |  5693 |
|  72.5 <>  73.0 |     23 |  9342 |
|  73.0 <>  73.5 |     16 | 11101 |
|  73.5 <>  74.0 |     11 |  7596 |
|  74.0 <>  74.5 |     20 |  7954 |
|  74.5 <>  75.0 |     30 | 14538 |
|  75.0 <>  75.5 |     26 | 14700 |
|  75.5 <>  76.0 |     14 | 10089 |
|  76.0 <>  76.5 |     42 | 24060 |
|  76.5 <>  77.0 |     36 |  4130 |
|  77.0 <>  77.5 |     23 |  2519 |
|  77.5 <>  78.0 |      8 |  2522 |
|  78.0 <>  78.5 |     19 |  4486 |
|  78.5 <>  79.0 |     18 |  1301 |
|  79.0 <>  79.5 |     41 | 13729 |
|  79.5 <>  80.0 |     15 |  7377 |
|  80.0 <>  80.5 |     21 |  6027 |
|  80.5 <>  81.0 |     20 |  8270 |
|  81.0 <>  81.5 |      0 |     0 |
|  81.5 <>  82.0 |      1 |    68 |
|  82.0 <>  82.5 |     28 | 10456 |
|  82.5 <>  83.0 |     10 |  3416 |
|  83.0 <>  83.5 |      9 |  5951 |
|  83.5 <>  84.0 |     21 |  9827 |
|  84.0 <>  84.5 |     45 |  9353 |
|  84.5 <>  85.0 |     11 |   877 |
|  85.0 <>  85.5 |     31 | 13224 |
|  85.5 <>  86.0 |      0 |     0 |
|  86.0 <>  86.5 |     14 |  8289 |
|  86.5 <>  87.0 |     54 | 21322 |
|  87.0 <>  87.5 |     14 |  5656 |
|  87.5 <>  88.0 |     12 |  4182 |
|  88.0 <>  88.5 |      8 |  2705 |
|  88.5 <>  89.0 |      7 |   500 |
|  89.0 <>  89.5 |     20 |  8167 |
|  89.5 <>  90.0 |     16 |  8363 |
|  90.0 <>  90.5 |     26 |  9880 |
|  90.5 <>  91.0 |      9 |  3353 |
|  91.0 <>  91.5 |      5 |   814 |
|  91.5 <>  92.0 |      8 |  3367 |
|  92.0 <>  92.5 |     16 |  4089 |
|  92.5 <>  93.0 |     13 |  7716 |
|  93.0 <>  93.5 |     15 | 10608 |
|  93.5 <>  94.0 |     32 | 12614 |
|  94.0 <>  94.5 |     18 |  2516 |
|  94.5 <>  95.0 |      0 |     0 |
|  95.0 <>  95.5 |     53 | 19549 |
|  95.5 <>  96.0 |     12 |  3497 |
|  96.0 <>  96.5 |     15 | 13332 |
|  96.5 <>  97.0 |     18 | 10800 |
|  97.0 <>  97.5 |     30 | 13096 |
|  97.5 <>  98.0 |     16 | 10567 |
|  98.0 <>  98.5 |     23 | 18522 |
|  98.5 <>  99.0 |     22 | 15343 |
|  99.0 <>  99.5 |      5 |  3076 |
|  99.5 <> 100.0 |     52 | 23939 |
| 100.0 <> 100.5 |     16 |  1214 |
| 100.5 <> 101.0 |      4 |   734 |
| 101.0 <> 101.5 |     31 |  8452 |
| 101.5 <> 102.0 |      4 |  1604 |
| 102.0 <> 102.5 |     25 |  5151 |
| 102.5 <> 103.0 |     12 |  2556 |
| 103.0 <> 103.5 |      8 |   593 |
| 103.5 <> 104.0 |      4 |  2223 |
| 104.0 <> 104.5 |      0 |     0 |
| 104.5 <> 105.0 |      8 |   931 |
| 105.0 <> 105.5 |      6 |   372 |
| 105.5 <> 106.0 |      2 |   263 |
| 106.0 <> 106.5 |      4 |  2219 |
| 106.5 <> 107.0 |      2 |   136 |
| 107.0 <> 107.5 |      7 |   476 |
| 107.5 <> 108.0 |     11 |  8031 |
| 108.0 <> 108.5 |     14 |  6495 |
| 108.5 <> 109.0 |     40 | 25036 |
| 109.0 <> 109.5 |      3 |   682 |
| 109.5 <> 110.0 |      6 |   448 |
| 110.0 <> 110.5 |     15 | 11964 |
| 110.5 <> 111.0 |     26 | 10977 |
| 111.0 <> 111.5 |     26 | 14369 |
| 111.5 <> 112.0 |     10 |  4169 |
| 112.0 <> 112.5 |     12 |  9016 |
| 112.5 <> 113.0 |     10 |  7520 |
| 113.0 <> 113.5 |     24 | 20784 |
| 113.5 <> 114.0 |     11 | 11692 |
| 114.0 <> 114.5 |     14 |  8292 |
| 114.5 <> 115.0 |     24 | 22152 |
| 115.0 <> 115.5 |     22 | 10645 |
| 115.5 <> 116.0 |     12 |   971 |
| 116.0 <> 116.5 |      3 |   399 |
| 116.5 <> 117.0 |     44 | 18879 |
| 117.0 <> 117.5 |     16 |  3944 |
| 117.5 <> 118.0 |     12 |  9024 |
| 118.0 <> 118.5 |     17 | 10740 |
| 118.5 <> 119.0 |      7 |   680 |
| 119.0 <> 119.5 |      6 |  2936 |
| 119.5 <> 120.0 |      6 |  1739 |
| 120.0 <> 120.5 |      7 |  1642 |
| 120.5 <> 121.0 |      4 |   260 |
| 121.0 <> 121.5 |     12 |  7901 |
| 121.5 <> 122.0 |     25 | 13416 |
| 122.0 <> 122.5 |     28 |  8046 |
| 122.5 <> 123.0 |      2 |   112 |
| 123.0 <> 123.5 |      5 |   647 |
| 123.5 <> 124.0 |     22 | 14213 |
| 124.0 <> 124.5 |      7 |  7316 |
| 124.5 <> 125.0 |      8 |  3280 |
| 125.0 <> 125.5 |     17 | 10004 |
| 125.5 <> 126.0 |     18 |  3144 |
| 126.0 <> 126.5 |      2 |   156 |
| 126.5 <> 127.0 |     48 | 27464 |
| 127.0 <> 127.5 |      0 |     0 |
| 127.5 <> 128.0 |      4 |  1323 |
| 128.0 <> 128.5 |      4 |  1619 |
| 128.5 <> 129.0 |     10 |  3321 |
| 129.0 <> 129.5 |      7 |  2570 |
| 129.5 <> 130.0 |      8 |  2942 |
| 130.0 <> 130.5 |      7 |  2437 |
| 130.5 <> 131.0 |      7 |   496 |
| 131.0 <> 131.5 |     18 |  6833 |
| 131.5 <> 132.0 |      2 |   136 |
| 132.0 <> 132.5 |      2 |   723 |
| 132.5 <> 133.0 |      3 |   204 |
| 133.0 <> 133.5 |      6 |   408 |
| 133.5 <> 134.0 |      0 |     0 |
| 134.0 <> 134.5 |      0 |     0 |
| 134.5 <> 135.0 |      2 |   136 |
| 135.0 <> 135.5 |      4 |   272 |
| 135.5 <> 136.0 |      0 |     0 |
| 136.0 <> 136.5 |      0 |     0 |
| 136.5 <> 137.0 |      0 |     0 |
| 137.0 <> 137.5 |      0 |     0 |
| 137.5 <> 138.0 |      0 |     0 |
| 138.0 <> 138.5 |      0 |     0 |
| 138.5 <> 139.0 |      0 |     0 |
| 139.0 <> 139.5 |      0 |     0 |
| 139.5 <> 140.0 |      0 |     0 |
| 140.0 <> 140.5 |      0 |     0 |
| 140.5 <> 141.0 |      0 |     0 |
| 141.0 <> 141.5 |      0 |     0 |
| 141.5 <> 142.0 |      0 |     0 |
| 142.0 <> 142.5 |      0 |     0 |
| 142.5 <> 143.0 |      0 |     0 |
| 143.0 <> 143.5 |      0 |     0 |
| 143.5 <> 144.0 |      0 |     0 |
| 144.0 <> 144.5 |      0 |     0 |
| 144.5 <> 145.0 |      0 |     0 |
| 145.0 <> 145.5 |      0 |     0 |
| 145.5 <> 146.0 |      0 |     0 |
| 146.0 <> 146.5 |      0 |     0 |
| 146.5 <> 147.0 |      1 |    76 |
| 147.0 <> 147.5 |      0 |     0 |
| 147.5 <> 148.0 |      3 |   363 |
| 148.0 <> 148.5 |      1 |    68 |
| 148.5 <> 149.0 |      0 |     0 |
| 149.0 <> 149.5 |      0 |     0 |
| 149.5 <> 150.0 |      0 |     0 |
| 150.0 <> 150.5 |      3 |   378 |
| 150.5 <> 151.0 |      4 |   288 |
| 151.0 <> 151.5 |      6 |  2305 |
| 151.5 <> 152.0 |      0 |     0 |
| 152.0 <> 152.5 |     14 |  6653 |
| 152.5 <> 153.0 |      0 |     0 |
| 153.0 <> 153.5 |     26 | 16032 |
| 153.5 <> 154.0 |     37 | 14403 |
| 154.0 <> 154.5 |      8 |  5916 |
| 154.5 <> 155.0 |     12 |  9024 |
| 155.0 <> 155.5 |     16 | 12032 |
| 155.5 <> 156.0 |      8 |  6016 |
| 156.0 <> 156.5 |     37 | 27140 |
| 156.5 <> 157.0 |     59 | 29633 |
| 157.0 <> 157.5 |     19 | 12386 |
| 157.5 <> 158.0 |     44 | 17516 |
| 158.0 <> 158.5 |     18 | 10210 |
| 158.5 <> 159.0 |     11 |  4654 |
| 159.0 <> 159.5 |     13 |  8766 |
| 159.5 <> 160.0 |     13 |  9092 |
| 160.0 <> 160.5 |     18 | 12172 |
| 160.5 <> 161.0 |     11 |  3480 |
| 161.0 <> 161.5 |     34 | 20959 |
| 161.5 <> 162.0 |      0 |     0 |
| 162.0 <> 162.5 |     20 | 13672 |
| 162.5 <> 163.0 |     15 | 11964 |
| 163.0 <> 163.5 |     17 |  8098 |
| 163.5 <> 164.0 |     12 |   832 |
| 164.0 <> 164.5 |     14 |  4952 |
| 164.5 <> 165.0 |      6 |  2024 |
| 165.0 <> 165.5 |     16 | 12235 |
| 165.5 <> 166.0 |      3 |   352 |
| 166.0 <> 166.5 |     17 |  6780 |
| 166.5 <> 167.0 |      5 |  1529 |
| 167.0 <> 167.5 |      8 |  4326 |
| 167.5 <> 168.0 |     15 | 11964 |
| 168.0 <> 168.5 |     50 | 14696 |
| 168.5 <> 169.0 |     48 | 16255 |
| 169.0 <> 169.5 |     64 | 29563 |
| 169.5 <> 170.0 |     24 | 10246 |
| 170.0 <> 170.5 |     15 | 10596 |
| 170.5 <> 171.0 |     26 | 13201 |
| 171.0 <> 171.5 |     12 | 11760 |
| 171.5 <> 172.0 |     27 | 10256 |
| 172.0 <> 172.5 |     10 |  7532 |
| 172.5 <> 173.0 |     49 | 13403 |
| 173.0 <> 173.5 |     15 | 10119 |
| 173.5 <> 174.0 |     22 |  7267 |
| 174.0 <> 174.5 |     12 |  3396 |
| 174.5 <> 175.0 |     34 | 15811 |
| 175.0 <> 175.5 |     19 | 10090 |
| 175.5 <> 176.0 |     17 |  9607 |
| 176.0 <> 176.5 |     13 |  7215 |
| 176.5 <> 177.0 |     18 |  7489 |
| 177.0 <> 177.5 |      0 |     0 |
| 177.5 <> 178.0 |     63 | 28356 |
| 178.0 <> 178.5 |     23 | 14267 |
| 178.5 <> 179.0 |     26 | 16112 |
| 179.0 <> 179.5 |     15 |  6368 |
| 179.5 <> 180.0 |     16 | 10809 |
| 180.0 <> 180.5 |     11 |  7612 |
| 180.5 <> 181.0 |     12 |  9096 |
| 181.0 <> 181.5 |     57 | 16015 |
| 181.5 <> 182.0 |     29 | 18055 |
| 182.0 <> 182.5 |     21 |  9849 |
| 182.5 <> 183.0 |     26 | 18418 |
| 183.0 <> 183.5 |     22 | 13817 |
| 183.5 <> 184.0 |     25 | 14437 |
| 184.0 <> 184.5 |      8 |  6016 |
| 184.5 <> 185.0 |     31 | 19849 |
| 185.0 <> 185.5 |      1 |    68 |
| 185.5 <> 186.0 |     42 | 26955 |
| 186.0 <> 186.5 |     25 | 18238 |
| 186.5 <> 187.0 |     18 | 12414 |
| 187.0 <> 187.5 |     26 |  9377 |
| 187.5 <> 188.0 |     23 | 13825 |
| 188.0 <> 188.5 |     18 | 11250 |
| 188.5 <> 189.0 |     14 |  9036 |
| 189.0 <> 189.5 |     17 | 10531 |
| 189.5 <> 190.0 |     14 |  8094 |
| 190.0 <> 190.5 |     22 | 14516 |
| 190.5 <> 191.0 |     24 | 17199 |
| 191.0 <> 191.5 |     25 | 16808 |
| 191.5 <> 192.0 |     20 | 13278 |
| 192.0 <> 192.5 |     38 | 16973 |
| 192.5 <> 193.0 |      4 |  2801 |
| 193.0 <> 193.5 |     42 | 22139 |
| 193.5 <> 194.0 |      9 |  7459 |
| 194.0 <> 194.5 |     21 |  6912 |
| 194.5 <> 195.0 |     29 | 17895 |
| 195.0 <> 195.5 |     21 | 12384 |
| 195.5 <> 196.0 |     26 | 13423 |
| 196.0 <> 196.5 |     12 |  9024 |
| 196.5 <> 197.0 |     17 | 11052 |
| 197.0 <> 197.5 |     10 |  3416 |
| 197.5 <> 198.0 |     12 |  9084 |
| 198.0 <> 198.5 |     43 | 23538 |
| 198.5 <> 199.0 |     38 | 21708 |
| 199.0 <> 199.5 |     20 | 11114 |
| 199.5 <> 200.0 |      5 |  4444 |
| 200.0 <> 200.5 |     23 | 17980 |
| 200.5 <> 201.0 |      0 |     0 |
| 201.0 <> 201.5 |      8 |  6016 |
| 201.5 <> 202.0 |     16 | 13400 |
| 202.0 <> 202.5 |     15 | 13095 |
| 202.5 <> 203.0 |     13 |  9126 |
| 203.0 <> 203.5 |      3 |  2940 |
| 203.5 <> 204.0 |     12 |  3584 |
| 204.0 <> 204.5 |      8 |  1958 |
| 204.5 <> 205.0 |     12 |  9024 |
| 205.0 <> 205.5 |     17 |  8663 |
| 205.5 <> 206.0 |      5 |  1734 |
| 206.0 <> 206.5 |     20 |  3829 |
| 206.5 <> 207.0 |     22 |  3450 |
| 207.0 <> 207.5 |     94 | 41957 |
| 207.5 <> 208.0 |     21 |  5633 |
| 208.0 <> 208.5 |     19 |  2803 |
| 208.5 <> 209.0 |     15 |  8283 |
| 209.0 <> 209.5 |     10 |  6152 |
| 209.5 <> 210.0 |     33 | 10562 |
| 210.0 <> 210.5 |     21 | 12912 |
| 210.5 <> 211.0 |     13 |  7732 |
| 211.0 <> 211.5 |     14 |  7840 |
| 211.5 <> 212.0 |     15 | 10608 |
| 212.0 <> 212.5 |     11 |  7588 |
| 212.5 <> 213.0 |      6 |  4512 |
| 213.0 <> 213.5 |     35 | 21560 |
| 213.5 <> 214.0 |     20 | 15054 |
| 214.0 <> 214.5 |      3 |  1572 |
| 214.5 <> 215.0 |     45 | 23579 |
| 215.0 <> 215.5 |      5 |  3076 |
| 215.5 <> 216.0 |     34 | 24846 |
| 216.0 <> 216.5 |     20 | 12052 |
| 216.5 <> 217.0 |     13 |  9092 |
| 217.0 <> 217.5 |      1 |    68 |
| 217.5 <> 218.0 |     43 | 25639 |
| 218.0 <> 218.5 |     32 | 15912 |
| 218.5 <> 219.0 |     27 | 13931 |
| 219.0 <> 219.5 |      0 |     0 |
| 219.5 <> 220.0 |     19 | 13681 |
| 220.0 <> 220.5 |     35 | 24787 |
| 220.5 <> 221.0 |     26 | 12729 |
| 221.0 <> 221.5 |     26 | 13909 |
| 221.5 <> 222.0 |     12 | 11760 |
| 222.0 <> 222.5 |     53 | 15735 |
| 222.5 <> 223.0 |     10 |  2049 |
| 223.0 <> 223.5 |      5 |   340 |
| 223.5 <> 224.0 |     24 |  9556 |
| 224.0 <> 224.5 |      6 |  1592 |
| 224.5 <> 225.0 |     34 |  9954 |
| 225.0 <> 225.5 |     63 | 17526 |
| 225.5 <> 226.0 |     13 |  1739 |
| 226.0 <> 226.5 |     12 |  4069 |
| 226.5 <> 227.0 |     27 |  8919 |
| 227.0 <> 227.5 |     15 |  4272 |
| 227.5 <> 228.0 |     11 |  6283 |
| 228.0 <> 228.5 |      2 |  1504 |
| 228.5 <> 229.0 |     16 |  5196 |
| 229.0 <> 229.5 |     32 | 13960 |
| 229.5 <> 230.0 |     56 | 20090 |
| 230.0 <> 230.5 |     15 |  2029 |
| 230.5 <> 231.0 |      8 |  2077 |
| 231.0 <> 231.5 |     36 |  8713 |
| 231.5 <> 232.0 |      4 |  1994 |
| 232.0 <> 232.5 |      7 |  4580 |
| 232.5 <> 233.0 |     90 | 41752 |
| 233.0 <> 233.5 |      0 |     0 |
| 233.5 <> 234.0 |      1 |    76 |
| 234.0 <> 234.5 |      0 |     0 |
| 234.5 <> 235.0 |     13 |  7724 |
| 235.0 <> 235.5 |      7 |  5948 |
| 235.5 <> 236.0 |     10 |  6152 |
| 236.0 <> 236.5 |      8 |  6064 |
| 236.5 <> 237.0 |     16 |  9328 |
| 237.0 <> 237.5 |     12 |  9024 |
| 237.5 <> 238.0 |     16 | 12042 |
| 238.0 <> 238.5 |     10 |  7520 |
| 238.5 <> 239.0 |     13 |  9136 |
| 239.0 <> 239.5 |     13 |  9212 |
| 239.5 <> 240.0 |     27 | 19620 |
| 240.0 <> 240.5 |     20 | 16408 |
| 240.5 <> 241.0 |     20 | 15040 |
| 241.0 <> 241.5 |     21 | 15108 |
| 241.5 <> 242.0 |     19 | 12236 |
| 242.0 <> 242.5 |     20 | 15040 |
| 242.5 <> 243.0 |     17 | 12118 |
| 243.0 <> 243.5 |     22 | 16556 |
| 243.5 <> 244.0 |     22 | 16564 |
| 244.0 <> 244.5 |     16 | 12032 |
| 244.5 <> 245.0 |     24 | 18048 |
| 245.0 <> 245.5 |     10 |  7520 |
| 245.5 <> 246.0 |     30 | 17100 |
| 246.0 <> 246.5 |     22 | 16592 |
| 246.5 <> 247.0 |      4 |  3008 |
| 247.0 <> 247.5 |     41 | 28132 |
| 247.5 <> 248.0 |     26 | 17072 |
| 248.0 <> 248.5 |     12 |  9036 |
| 248.5 <> 249.0 |     33 | 25548 |
| 249.0 <> 249.5 |     22 | 15232 |
| 249.5 <> 250.0 |     24 | 16704 |
| 250.0 <> 250.5 |     27 | 17080 |
| 250.5 <> 251.0 |     29 | 18396 |
| 251.0 <> 251.5 |     12 |  9036 |
| 251.5 <> 252.0 |     26 | 18248 |
| 252.0 <> 252.5 |     25 | 21192 |
| 252.5 <> 253.0 |     14 | 10528 |
| 253.0 <> 253.5 |     31 | 26268 |
| 253.5 <> 254.0 |     13 |  9230 |
| 254.0 <> 254.5 |     35 | 13473 |
| 254.5 <> 255.0 |     26 | 19396 |
| 255.0 <> 255.5 |     21 | 14998 |
| 255.5 <> 256.0 |     28 | 18132 |
| 256.0 <> 256.5 |     22 | 15056 |
| 256.5 <> 257.0 |     24 | 16565 |
| 257.0 <> 257.5 |     14 |  9551 |
| 257.5 <> 258.0 |     10 |  7460 |
| 258.0 <> 258.5 |     77 | 17475 |
| 258.5 <> 259.0 |     19 |  1826 |
| 259.0 <> 259.5 |      5 |   529 |
| 259.5 <> 260.0 |      8 |  1565 |
| 260.0 <> 260.5 |      6 |   710 |
| 260.5 <> 261.0 |      5 |   488 |
| 261.0 <> 261.5 |      3 |  1246 |
| 261.5 <> 262.0 |      1 |    68 |
| 262.0 <> 262.5 |     32 | 12326 |
| 262.5 <> 263.0 |     26 |  4804 |
| 263.0 <> 263.5 |     41 |  5471 |
| 263.5 <> 264.0 |     84 | 21306 |
| 264.0 <> 264.5 |      8 |  4800 |
| 264.5 <> 265.0 |     29 | 16101 |
| 265.0 <> 265.5 |     17 | 12040 |
| 265.5 <> 266.0 |     12 |  7676 |
| 266.0 <> 266.5 |     28 | 16202 |
| 266.5 <> 267.0 |     14 | 11740 |
| 267.0 <> 267.5 |     12 |  8201 |
| 267.5 <> 268.0 |     14 |  9180 |
| 268.0 <> 268.5 |      0 |     0 |
| 268.5 <> 269.0 |     42 | 30935 |
| 269.0 <> 269.5 |     27 | 17450 |
| 269.5 <> 270.0 |     14 |  8898 |
| 270.0 <> 270.5 |     40 | 20586 |
| 270.5 <> 271.0 |     27 | 14463 |
| 271.0 <> 271.5 |     36 | 19880 |
| 271.5 <> 272.0 |     22 | 13696 |
| 272.0 <> 272.5 |     20 | 11669 |
| 272.5 <> 273.0 |     19 |  8906 |
| 273.0 <> 273.5 |      0 |     0 |
| 273.5 <> 274.0 |     41 | 24904 |
| 274.0 <> 274.5 |     29 | 14284 |
| 274.5 <> 275.0 |     19 | 13112 |
| 275.0 <> 275.5 |     16 | 13133 |
| 275.5 <> 276.0 |     18 | 13804 |
| 276.0 <> 276.5 |     25 | 14094 |
| 276.5 <> 277.0 |     15 | 13344 |
| 277.0 <> 277.5 |      6 |  7248 |
| 277.5 <> 278.0 |     36 | 23377 |
| 278.0 <> 278.5 |     19 | 10363 |
| 278.5 <> 279.0 |     46 | 18252 |
| 279.0 <> 279.5 |     23 | 15843 |
| 279.5 <> 280.0 |     29 | 17044 |
| 280.0 <> 280.5 |     12 | 10412 |
| 280.5 <> 281.0 |     10 |  8888 |
| 281.0 <> 281.5 |     20 | 14952 |
| 281.5 <> 282.0 |     18 | 13600 |
| 282.0 <> 282.5 |     20 | 15081 |
| 282.5 <> 283.0 |     11 | 10324 |
| 283.0 <> 283.5 |     13 | 11836 |
| 283.5 <> 284.0 |     18 | 13541 |
| 284.0 <> 284.5 |     25 | 11253 |
| 284.5 <> 285.0 |     21 | 18959 |
| 285.0 <> 285.5 |     16 | 12048 |
| 285.5 <> 286.0 |     27 | 11024 |
| 286.0 <> 286.5 |     20 | 15285 |
| 286.5 <> 287.0 |     27 | 17567 |
| 287.0 <> 287.5 |     22 | 15236 |
| 287.5 <> 288.0 |     36 | 17098 |
| 288.0 <> 288.5 |     16 | 14768 |
| 288.5 <> 289.0 |     24 | 15324 |
| 289.0 <> 289.5 |     20 | 17772 |
| 289.5 <> 290.0 |     17 | 10729 |
| 290.0 <> 290.5 |     19 | 16316 |
| 290.5 <> 291.0 |     26 | 16856 |
| 291.0 <> 291.5 |     30 | 16296 |
| 291.5 <> 292.0 |     33 | 18528 |
| 292.0 <> 292.5 |     27 | 11444 |
| 292.5 <> 293.0 |     24 | 11855 |
| 293.0 <> 293.5 |     21 | 12452 |
| 293.5 <> 294.0 |     35 | 16267 |
| 294.0 <> 294.5 |     18 | 13484 |
| 294.5 <> 295.0 |     25 | 15747 |
| 295.0 <> 295.5 |     16 | 11784 |
| 295.5 <> 296.0 |     18 | 14027 |
| 296.0 <> 296.5 |     20 | 11762 |
| 296.5 <> 297.0 |     17 | 12148 |
| 297.0 <> 297.5 |     17 | 14836 |
| 297.5 <> 298.0 |     18 | 13536 |
| 298.0 <> 298.5 |     21 | 14204 |
| 298.5 <> 299.0 |     23 | 16712 |
| 299.0 <> 299.5 |     17 | 12834 |
| 299.5 <> 300.0 |     15 |  9453 |
| 300.0 <> 300.5 |     19 | 16400 |
| 300.5 <> 301.0 |     19 | 15080 |
| 301.0 <> 301.5 |     16 | 13412 |
| 301.5 <> 302.0 |      5 |  4444 |
| 302.0 <> 302.5 |     25 | 19776 |
| 302.5 <> 303.0 |      1 |    76 |
| 303.0 <> 303.5 |     17 | 10412 |
| 303.5 <> 304.0 |      2 |   156 |
| 304.0 <> 304.5 |      5 |   851 |
| 304.5 <> 305.0 |      0 |     0 |
| 305.0 <> 305.5 |      2 |  1504 |
| 305.5 <> 306.0 |      0 |     0 |
| 306.0 <> 306.5 |     10 |   680 |
| 306.5 <> 307.0 |      2 |   136 |
| 307.0 <> 307.5 |      0 |     0 |
| 307.5 <> 308.0 |      0 |     0 |
| 308.0 <> 308.5 |      2 |   136 |
| 308.5 <> 309.0 |      4 |   272 |
| 309.0 <> 309.5 |      0 |     0 |
| 309.5 <> 310.0 |      0 |     0 |
| 310.0 <> 310.5 |      0 |     0 |
| 310.5 <> 311.0 |      0 |     0 |
| 311.0 <> 311.5 |      0 |     0 |
| 311.5 <> 312.0 |      0 |     0 |
| 312.0 <> 312.5 |      0 |     0 |
| 312.5 <> 313.0 |      0 |     0 |
| 313.0 <> 313.5 |      0 |     0 |
| 313.5 <> 314.0 |      0 |     0 |
| 314.0 <> 314.5 |      0 |     0 |
| 314.5 <> 315.0 |      0 |     0 |
| 315.0 <> 315.5 |      0 |     0 |
| 315.5 <> 316.0 |      0 |     0 |
| 316.0 <> 316.5 |      0 |     0 |
| 316.5 <> 317.0 |      0 |     0 |
| 317.0 <> 317.5 |      0 |     0 |
| 317.5 <> 318.0 |      0 |     0 |
| 318.0 <> 318.5 |      8 |  1070 |
| 318.5 <> 319.0 |      1 |    68 |
| 319.0 <> 319.5 |      1 |    76 |
| 319.5 <> 320.0 |      3 |   396 |
| 320.0 <> 320.5 |      6 |  2582 |
| 320.5 <> 321.0 |      7 |  3289 |
| 321.0 <> 321.5 |      0 |     0 |
| 321.5 <> 322.0 |      8 |  1853 |
| 322.0 <> 322.5 |      0 |     0 |
| 322.5 <> 323.0 |      0 |     0 |
| 323.0 <> 323.5 |      0 |     0 |
| 323.5 <> 324.0 |      0 |     0 |
| 324.0 <> 324.5 |      0 |     0 |
| 324.5 <> 325.0 |      0 |     0 |
| 325.0 <> 325.5 |      0 |     0 |
| 325.5 <> 326.0 |      0 |     0 |
| 326.0 <> 326.5 |      0 |     0 |
| 326.5 <> 327.0 |      0 |     0 |
| 327.0 <> 327.5 |      0 |     0 |
| 327.5 <> 328.0 |      0 |     0 |
| 328.0 <> 328.5 |      0 |     0 |
| 328.5 <> 329.0 |      0 |     0 |
| 329.0 <> 329.5 |      0 |     0 |
| 329.5 <> 330.0 |      0 |     0 |
| 330.0 <> 330.5 |      0 |     0 |
| 330.5 <> 331.0 |      0 |     0 |
| 331.0 <> 331.5 |      0 |     0 |
| 331.5 <> 332.0 |      0 |     0 |
| 332.0 <> 332.5 |      0 |     0 |
| 332.5 <> 333.0 |      0 |     0 |
| 333.0 <> 333.5 |      0 |     0 |
| 333.5 <> 334.0 |      0 |     0 |
| 334.0 <> 334.5 |      1 |    76 |
| 334.5 <> 335.0 |      0 |     0 |
| 335.0 <> 335.5 |      3 |   363 |
| 335.5 <> 336.0 |      1 |    68 |
| 336.0 <> 336.5 |      0 |     0 |
| 336.5 <> 337.0 |      0 |     0 |
| 337.0 <> 337.5 |      0 |     0 |
| 337.5 <> 338.0 |      3 |   378 |
| 338.0 <> 338.5 |      5 |   501 |
| 338.5 <> 339.0 |      3 |   638 |
| 339.0 <> 339.5 |      4 |   461 |
| 339.5 <> 340.0 |      0 |     0 |
| 340.0 <> 340.5 |      0 |     0 |
| 340.5 <> 341.0 |      0 |     0 |
| 341.0 <> 341.5 |      1 |    68 |
| 341.5 <> 342.0 |      2 |   136 |
| 342.0 <> 342.5 |      0 |     0 |
| 342.5 <> 343.0 |      0 |     0 |
| 343.0 <> 343.5 |      0 |     0 |
| 343.5 <> 344.0 |      0 |     0 |
| 344.0 <> 344.5 |      1 |    82 |
| 344.5 <> 345.0 |      0 |     0 |
| 345.0 <> 345.5 |      5 |  1600 |
| 345.5 <> 346.0 |      3 |  1572 |
| 346.0 <> 346.5 |      9 |  4740 |
| 346.5 <> 347.0 |     24 | 17136 |
| 347.0 <> 347.5 |      5 |  4444 |
| 347.5 <> 348.0 |     23 | 16663 |
| 348.0 <> 348.5 |     10 |  7520 |
| 348.5 <> 349.0 |     25 | 20332 |
| 349.0 <> 349.5 |     13 |  9092 |
| 349.5 <> 350.0 |     22 | 13540 |
| 350.0 <> 350.5 |      0 |     0 |
| 350.5 <> 351.0 |     22 | 18053 |
| 351.0 <> 351.5 |     36 | 21032 |
| 351.5 <> 352.0 |     10 |  8888 |
| 352.0 <> 352.5 |      0 |     0 |
| 352.5 <> 353.0 |     27 | 24204 |
| 353.0 <> 353.5 |     15 | 11720 |
| 353.5 <> 354.0 |     24 | 13727 |
| 354.0 <> 354.5 |     22 | 13740 |
| 354.5 <> 355.0 |      7 |  1468 |
| 355.0 <> 355.5 |      4 |   719 |
| 355.5 <> 356.0 |     14 | 10528 |
| 356.0 <> 356.5 |     17 | 13644 |
| 356.5 <> 357.0 |     10 |  8888 |
| 357.0 <> 357.5 |     14 | 10528 |
| 357.5 <> 358.0 |     15 |  9228 |
| 358.0 <> 358.5 |     18 | 16272 |
| 358.5 <> 359.0 |     21 |  4612 |
| 359.0 <> 359.5 |      9 |  1143 |
| 359.5 <> 360.0 |     48 |  9695 |
| 360.0 <> 360.5 |     53 | 15335 |
| 360.5 <> 361.0 |     22 | 13496 |
| 361.0 <> 361.5 |     20 |  8949 |
| 361.5 <> 362.0 |     17 | 11458 |
| 362.0 <> 362.5 |     17 |  8356 |
| 362.5 <> 363.0 |     28 | 14141 |
| 363.0 <> 363.5 |     11 |  5513 |
| 363.5 <> 364.0 |     54 | 24777 |
| 364.0 <> 364.5 |     12 |  7939 |
| 364.5 <> 365.0 |     29 | 22143 |
| 365.0 <> 365.5 |     31 | 21604 |
| 365.5 <> 366.0 |     27 | 12780 |
| 366.0 <> 366.5 |     39 | 17675 |
| 366.5 <> 367.0 |     38 | 17342 |
| 367.0 <> 367.5 |     44 | 18389 |
| 367.5 <> 368.0 |     26 | 11396 |
| 368.0 <> 368.5 |     35 | 17563 |
| 368.5 <> 369.0 |     35 | 13507 |
| 369.0 <> 369.5 |     27 |  6163 |
| 369.5 <> 370.0 |      0 |     0 |
| 370.0 <> 370.5 |     10 |  4784 |
| 370.5 <> 371.0 |      2 |  1504 |
| 371.0 <> 371.5 |      7 |  5948 |
| 371.5 <> 372.0 |     19 | 10703 |
| 372.0 <> 372.5 |     22 |  8551 |
| 372.5 <> 373.0 |      4 |  3008 |
| 373.0 <> 373.5 |      1 |    82 |
| 373.5 <> 374.0 |     20 |  9506 |
| 374.0 <> 374.5 |      5 |  3076 |
| 374.5 <> 375.0 |      6 |  7248 |
| 375.0 <> 375.5 |      5 |  4444 |
| 375.5 <> 376.0 |     20 |  6171 |
| 376.0 <> 376.5 |      6 |  3582 |
| 376.5 <> 377.0 |      2 |  1512 |
| 377.0 <> 377.5 |      5 |  1935 |
| 377.5 <> 378.0 |     10 |  8888 |
| 378.0 <> 378.5 |     17 |  7227 |
| 378.5 <> 379.0 |      5 |  4452 |
| 379.0 <> 379.5 |      7 |  5948 |
| 379.5 <> 380.0 |     18 |  9046 |
| 380.0 <> 380.5 |     17 |  7275 |
| 380.5 <> 381.0 |     14 |  9252 |
| 381.0 <> 381.5 |      1 |  1436 |
| 381.5 <> 382.0 |      4 |   881 |
| 382.0 <> 382.5 |     21 | 10849 |
| 382.5 <> 383.0 |     20 | 10270 |
| 383.0 <> 383.5 |     11 |  6244 |
| 383.5 <> 384.0 |     14 |  7848 |
| 384.0 <> 384.5 |     16 |  3503 |
| 384.5 <> 385.0 |     30 | 20785 |
| 385.0 <> 385.5 |     12 | 10578 |
| 385.5 <> 386.0 |     14 | 10548 |
| 386.0 <> 386.5 |     30 | 17168 |
| 386.5 <> 387.0 |     18 |  9802 |
| 387.0 <> 387.5 |      9 |  7452 |
| 387.5 <> 388.0 |     14 |  7585 |
| 388.0 <> 388.5 |      2 |  1504 |
| 388.5 <> 389.0 |     13 | 10496 |
| 389.0 <> 389.5 |      6 |  4548 |
| 389.5 <> 390.0 |      8 |  4700 |
| 390.0 <> 390.5 |     31 | 12452 |
| 390.5 <> 391.0 |     26 |  4453 |
| 391.0 <> 391.5 |      9 |  4750 |
| 391.5 <> 392.0 |      0 |     0 |
| 392.0 <> 392.5 |      1 |    68 |
| 392.5 <> 393.0 |      1 |    80 |
| 393.0 <> 393.5 |      0 |     0 |
| 393.5 <> 394.0 |      1 |    76 |
| 394.0 <> 394.5 |      1 |    68 |
| 394.5 <> 395.0 |      9 |  2072 |
| 395.0 <> 395.5 |      7 |  2805 |
| 395.5 <> 396.0 |     13 |  4241 |
| 396.0 <> 396.5 |     42 | 12990 |
| 396.5 <> 397.0 |     49 | 26900 |
| 397.0 <> 397.5 |     46 | 24277 |
| 397.5 <> 398.0 |     11 |  3296 |
| 398.0 <> 398.5 |      2 |   894 |
| 398.5 <> 399.0 |      0 |     0 |
| 399.0 <> 399.5 |     34 | 23762 |
| 399.5 <> 400.0 |     61 | 36496 |
| 400.0 <> 400.5 |     52 | 32026 |
| 400.5 <> 401.0 |     51 | 30661 |
| 401.0 <> 401.5 |     45 | 31798 |
| 401.5 <> 402.0 |     40 | 30344 |
| 402.0 <> 402.5 |     40 | 31600 |
| 402.5 <> 403.0 |     46 | 30637 |
| 403.0 <> 403.5 |     44 | 31720 |
| 403.5 <> 404.0 |     88 | 40000 |
| 404.0 <> 404.5 |     25 | 10063 |
| 404.5 <> 405.0 |     16 |  4963 |
| 405.0 <> 405.5 |     52 | 28275 |
| 405.5 <> 406.0 |     45 | 29456 |
| 406.0 <> 406.5 |     88 | 35724 |
| 406.5 <> 407.0 |     90 | 28738 |
| 407.0 <> 407.5 |     49 | 27744 |
| 407.5 <> 408.0 |     28 | 15664 |
| 408.0 <> 408.5 |      6 |   462 |
| 408.5 <> 409.0 |      0 |     0 |
| 409.0 <> 409.5 |      8 |   544 |
| 409.5 <> 410.0 |      5 |  1736 |
| 410.0 <> 410.5 |      4 |   794 |
| 410.5 <> 411.0 |      4 |  3899 |
| 411.0 <> 411.5 |      5 |  4045 |
| 411.5 <> 412.0 |      2 |   754 |
| 412.0 <> 412.5 |      0 |     0 |
| 412.5 <> 413.0 |      6 |   468 |
| 413.0 <> 413.5 |      5 |   387 |
| 413.5 <> 414.0 |     12 |  2276 |
| 414.0 <> 414.5 |      4 |   312 |
| 414.5 <> 415.0 |      2 |   136 |
| 415.0 <> 415.5 |      2 |  1516 |
| 415.5 <> 416.0 |      3 |   232 |
| 416.0 <> 416.5 |      4 |   794 |
| 416.5 <> 417.0 |      2 |  1516 |
| 417.0 <> 417.5 |      0 |     0 |
| 417.5 <> 418.0 |      0 |     0 |
| 418.0 <> 418.5 |      1 |    75 |
| 418.5 <> 419.0 |      1 |    68 |
| 419.0 <> 419.5 |      2 |  2383 |
| 419.5 <> 420.0 |      0 |     0 |
| 420.0 <> 420.5 |      0 |     0 |
| 420.5 <> 421.0 |      7 |  4799 |
| 421.0 <> 421.5 |      0 |     0 |
| 421.5 <> 422.0 |      0 |     0 |
| 422.0 <> 422.5 |      1 |    68 |
| 422.5 <> 423.0 |      0 |     0 |
| 423.0 <> 423.5 |      1 |    75 |
| 423.5 <> 424.0 |      0 |     0 |
| 424.0 <> 424.5 |      0 |     0 |
| 424.5 <> 425.0 |      2 |   136 |
| 425.0 <> 425.5 |      0 |     0 |
| 425.5 <> 426.0 |      0 |     0 |
| 426.0 <> 426.5 |      0 |     0 |
| 426.5 <> 427.0 |      1 |    68 |
| 427.0 <> 427.5 |      0 |     0 |
| 427.5 <> 428.0 |      1 |    76 |
| 428.0 <> 428.5 |      3 |   227 |
| 428.5 <> 429.0 |      1 |    76 |
| 429.0 <> 429.5 |      0 |     0 |
| 429.5 <> 430.0 |      0 |     0 |
| 430.0 <> 430.5 |      0 |     0 |
| 430.5 <> 431.0 |      0 |     0 |
| 431.0 <> 431.5 |      0 |     0 |
| 431.5 <> 432.0 |     15 |  8961 |
| 432.0 <> 432.5 |      0 |     0 |
| 432.5 <> 433.0 |      0 |     0 |
| 433.0 <> 433.5 |      6 |  4512 |
| 433.5 <> 434.0 |      4 |   502 |
| 434.0 <> 434.5 |      1 |   514 |
| 434.5 <> 435.0 |      4 |  3020 |
| 435.0 <> 435.5 |      6 |  3582 |
| 435.5 <> 436.0 |      0 |     0 |
| 436.0 <> 436.5 |      5 |  3091 |
| 436.5 <> 437.0 |     10 |  6152 |
| 437.0 <> 437.5 |     12 |  3720 |
| 437.5 <> 438.0 |      3 |   212 |
| 438.0 <> 438.5 |      2 |   124 |
| 438.5 <> 439.0 |      1 |    75 |
| 439.0 <> 439.5 |      1 |    56 |
| 439.5 <> 440.0 |      1 |    68 |
| 440.0 <> 440.5 |     13 |  5128 |
| 440.5 <> 441.0 |      5 |  2478 |
| 441.0 <> 441.5 |      1 |    83 |
| 441.5 <> 442.0 |      0 |     0 |
| 442.0 <> 442.5 |      5 |   367 |
| 442.5 <> 443.0 |      2 |   124 |
| 443.0 <> 443.5 |      2 |   136 |
| 443.5 <> 444.0 |      5 |   832 |
| 444.0 <> 444.5 |      0 |     0 |
| 444.5 <> 445.0 |     10 |  3821 |
| 445.0 <> 445.5 |      2 |   371 |
| 445.5 <> 446.0 |      4 |   299 |
| 446.0 <> 446.5 |      9 |   623 |
| 446.5 <> 447.0 |     14 |  1240 |
| 447.0 <> 447.5 |      4 |  1675 |
| 447.5 <> 448.0 |     25 |  4281 |
| 448.0 <> 448.5 |      1 |    56 |
| 448.5 <> 449.0 |      2 |   136 |
| 449.0 <> 449.5 |      3 |   211 |
| 449.5 <> 450.0 |      8 |   552 |
| 450.0 <> 450.5 |      0 |     0 |
| 450.5 <> 451.0 |      6 |   443 |
| 451.0 <> 451.5 |     12 |   815 |
| 451.5 <> 452.0 |      2 |   160 |
| 452.0 <> 452.5 |     11 |  1150 |
| 452.5 <> 453.0 |      2 |   136 |
| 453.0 <> 453.5 |      3 |   192 |
| 453.5 <> 454.0 |      0 |     0 |
| 454.0 <> 454.5 |      4 |  1659 |
| 454.5 <> 455.0 |      6 |  3224 |
| 455.0 <> 455.5 |      6 |  4512 |
| 455.5 <> 456.0 |     10 |  3210 |
| 456.0 <> 456.5 |      6 |   837 |
| 456.5 <> 457.0 |     13 |  2114 |
| 457.0 <> 457.5 |     26 |  4195 |
| 457.5 <> 458.0 |     19 |  5376 |
| 458.0 <> 458.5 |      2 |   124 |
| 458.5 <> 459.0 |      0 |     0 |
| 459.0 <> 459.5 |     11 |  2127 |
| 459.5 <> 460.0 |      0 |     0 |
| 460.0 <> 460.5 |      1 |    83 |
| 460.5 <> 461.0 |      0 |     0 |
| 461.0 <> 461.5 |      0 |     0 |
| 461.5 <> 462.0 |      1 |   514 |
| 462.0 <> 462.5 |      2 |   156 |
| 462.5 <> 463.0 |     14 |  5052 |
| 463.0 <> 463.5 |      2 |   155 |
| 463.5 <> 464.0 |      8 |   918 |
| 464.0 <> 464.5 |     32 |  8021 |
| 464.5 <> 465.0 |     52 | 27587 |
| 465.0 <> 465.5 |     29 |  8214 |
| 465.5 <> 466.0 |      3 |   204 |
| 466.0 <> 466.5 |     11 |  3972 |
| 466.5 <> 467.0 |      0 |     0 |
| 467.0 <> 467.5 |     22 | 13680 |
| 467.5 <> 468.0 |     18 | 10067 |
| 468.0 <> 468.5 |      2 |   143 |
| 468.5 <> 469.0 |     65 | 21150 |
| 469.0 <> 469.5 |     78 | 32878 |
| 469.5 <> 470.0 |     47 | 32482 |
| 470.0 <> 470.5 |     30 | 12434 |
| 470.5 <> 471.0 |     24 | 19100 |
| 471.0 <> 471.5 |     37 | 29876 |
| 471.5 <> 472.0 |     11 |  8956 |
| 472.0 <> 472.5 |     58 | 33589 |
| 472.5 <> 473.0 |     26 |  1504 |
| 473.0 <> 473.5 |      2 |   136 |
| 473.5 <> 474.0 |      3 |   440 |
| 474.0 <> 474.5 |     30 |  2440 |
| 474.5 <> 475.0 |     14 |  8841 |
| 475.0 <> 475.5 |      7 |   530 |
| 475.5 <> 476.0 |      9 |  1968 |
| 476.0 <> 476.5 |     14 |  1932 |
| 476.5 <> 477.0 |      7 |   536 |
| 477.0 <> 477.5 |      6 |   468 |
| 477.5 <> 478.0 |      3 |   568 |
| 478.0 <> 478.5 |     19 | 13604 |
| 478.5 <> 479.0 |     30 | 17148 |
| 479.0 <> 479.5 |      8 |  2771 |
| 479.5 <> 480.0 |     20 | 13672 |
| 480.0 <> 480.5 |      5 |  3106 |
| 480.5 <> 481.0 |      1 |    68 |
| 481.0 <> 481.5 |      0 |     0 |
| 481.5 <> 482.0 |      2 |   136 |
| 482.0 <> 482.5 |      0 |     0 |
| 482.5 <> 483.0 |      1 |    68 |
| 483.0 <> 483.5 |     35 | 17461 |
| 483.5 <> 484.0 |     21 | 13742 |
| 484.0 <> 484.5 |      0 |     0 |
| 484.5 <> 485.0 |      0 |     0 |
| 485.0 <> 485.5 |      1 |    68 |
| 485.5 <> 486.0 |      2 |   136 |
| 486.0 <> 486.5 |      0 |     0 |
| 486.5 <> 487.0 |      0 |     0 |
| 487.0 <> 487.5 |      3 |   204 |
| 487.5 <> 488.0 |      1 |    68 |
| 488.0 <> 488.5 |      0 |     0 |
| 488.5 <> 489.0 |      7 |   488 |
| 489.0 <> 489.5 |      0 |     0 |
| 489.5 <> 490.0 |      0 |     0 |
| 490.0 <> 490.5 |      0 |     0 |
| 490.5 <> 491.0 |      0 |     0 |
| 491.0 <> 491.5 |      0 |     0 |
| 491.5 <> 492.0 |      0 |     0 |
| 492.0 <> 492.5 |      0 |     0 |
| 492.5 <> 493.0 |      0 |     0 |
| 493.0 <> 493.5 |      0 |     0 |
| 493.5 <> 494.0 |      0 |     0 |
| 494.0 <> 494.5 |      2 |   600 |
| 494.5 <> 495.0 |      0 |     0 |
| 495.0 <> 495.5 |      0 |     0 |
| 495.5 <> 496.0 |      0 |     0 |
| 496.0 <> 496.5 |      0 |     0 |
| 496.5 <> 497.0 |      0 |     0 |
| 497.0 <> 497.5 |      0 |     0 |
| 497.5 <> 498.0 |      0 |     0 |
| 498.0 <> 498.5 |      0 |     0 |
| 498.5 <> 499.0 |      0 |     0 |
| 499.0 <> 499.5 |      0 |     0 |
| 499.5 <> 500.0 |      0 |     0 |
| 500.0 <> 500.5 |      0 |     0 |
| 500.5 <> 501.0 |      0 |     0 |
| 501.0 <> 501.5 |      0 |     0 |
| 501.5 <> 502.0 |      0 |     0 |
| 502.0 <> 502.5 |      0 |     0 |
| 502.5 <> 503.0 |      0 |     0 |
| 503.0 <> 503.5 |      0 |     0 |
| 503.5 <> 504.0 |      0 |     0 |
| 504.0 <> 504.5 |      0 |     0 |
| 504.5 <> 505.0 |      0 |     0 |
| 505.0 <> 505.5 |      0 |     0 |
| 505.5 <> 506.0 |      0 |     0 |
| 506.0 <> 506.5 |      0 |     0 |
| 506.5 <> 507.0 |      0 |     0 |
| 507.0 <> 507.5 |      0 |     0 |
| 507.5 <> 508.0 |      0 |     0 |
| 508.0 <> 508.5 |      0 |     0 |
| 508.5 <> 509.0 |      0 |     0 |
| 509.0 <> 509.5 |      0 |     0 |
| 509.5 <> 510.0 |      0 |     0 |
| 510.0 <> 510.5 |      0 |     0 |
| 510.5 <> 511.0 |      0 |     0 |
| 511.0 <> 511.5 |      0 |     0 |
| 511.5 <> 512.0 |      0 |     0 |
| 512.0 <> 512.5 |      0 |     0 |
| 512.5 <> 513.0 |      0 |     0 |
| 513.0 <> 513.5 |      0 |     0 |
| 513.5 <> 514.0 |      0 |     0 |
| 514.0 <> 514.5 |      0 |     0 |
| 514.5 <> 515.0 |      0 |     0 |
| 515.0 <> 515.5 |      0 |     0 |
| 515.5 <> 516.0 |      0 |     0 |
| 516.0 <> 516.5 |      0 |     0 |
| 516.5 <> 517.0 |      0 |     0 |
| 517.0 <> 517.5 |      0 |     0 |
| 517.5 <> 518.0 |      0 |     0 |
| 518.0 <> 518.5 |      0 |     0 |
| 518.5 <> 519.0 |      0 |     0 |
| 519.0 <> 519.5 |      0 |     0 |
| 519.5 <> 520.0 |      0 |     0 |
| 520.0 <> 520.5 |      0 |     0 |
| 520.5 <> 521.0 |      0 |     0 |
| 521.0 <> 521.5 |      0 |     0 |
| 521.5 <> 522.0 |      0 |     0 |
| 522.0 <> 522.5 |      0 |     0 |
| 522.5 <> 523.0 |      0 |     0 |
| 523.0 <> 523.5 |      0 |     0 |
| 523.5 <> 524.0 |      0 |     0 |
| 524.0 <> 524.5 |      0 |     0 |
| 524.5 <> 525.0 |      0 |     0 |
| 525.0 <> 525.5 |      0 |     0 |
| 525.5 <> 526.0 |      0 |     0 |
| 526.0 <> 526.5 |      1 |    83 |
| 526.5 <> 527.0 |      0 |     0 |
| 527.0 <> 527.5 |      0 |     0 |
| 527.5 <> 528.0 |      0 |     0 |
| 528.0 <> 528.5 |      0 |     0 |
| 528.5 <> 529.0 |      0 |     0 |
| 529.0 <> 529.5 |      0 |     0 |
| 529.5 <> 530.0 |      0 |     0 |
| 530.0 <> 530.5 |      0 |     0 |
| 530.5 <> 531.0 |      0 |     0 |
| 531.0 <> 531.5 |      1 |    83 |
| 531.5 <> 532.0 |      0 |     0 |
| 532.0 <> 532.5 |      0 |     0 |
| 532.5 <> 533.0 |      2 |   341 |
| 533.0 <> 533.5 |      3 |   831 |
| 533.5 <> 534.0 |      0 |     0 |
| 534.0 <> 534.5 |      0 |     0 |
| 534.5 <> 535.0 |     17 | 12180 |
| 535.0 <> 535.5 |     43 | 32258 |
| 535.5 <> 536.0 |     27 | 23724 |
| 536.0 <> 536.5 |     18 | 16016 |
| 536.5 <> 537.0 |     14 |  7758 |
| 537.0 <> 537.5 |     20 | 11975 |
| 537.5 <> 538.0 |     15 |  5381 |
| 538.0 <> 538.5 |      6 |  1146 |
| 538.5 <> 539.0 |      6 |   592 |
| 539.0 <> 539.5 |      4 |   272 |
| 539.5 <> 540.0 |      2 |   136 |
| 540.0 <> 540.5 |      0 |     0 |
| 540.5 <> 541.0 |      0 |     0 |
| 541.0 <> 541.5 |      8 |   544 |
| 541.5 <> 542.0 |      0 |     0 |
| 542.0 <> 542.5 |      0 |     0 |
| 542.5 <> 543.0 |      1 |   289 |
| 543.0 <> 543.5 |      0 |     0 |
| 543.5 <> 544.2 |      3 |  2094 |
===================================
