
==================================
| IO Statistics                  |
|                                |
| Interval size: 0.5 secs        |
| Col 1: Frames and bytes        |
|--------------------------------|
|              |1                |
| Interval
| Interval     | Frames |  Bytes |
|--------------------------------|
|  0.0 <>  0.5 |      1 |     89 |
|  0.5 <>  1.0 |      0 |      0 |
|  1.0 <>  1.5 |      0 |      0 |
|  1.5 <>  2.0 |      0 |      0 |
|  2.0 <>  2.5 |      0 |      0 |
|  2.5 <>  3.0 |      0 |      0 |
|  3.0 <>  3.5 |      0 |      0 |
|  3.5 <>  4.0 |      0 |      0 |
|  4.0 <>  4.5 |      0 |      0 |
|  4.5 <>  5.0 |      0 |      0 |
|  5.0 <>  5.5 |     29 |  16405 |
|  5.5 <>  6.0 |    136 |  84824 |
|  6.0 <>  6.5 |    194 | 140988 |
|  6.5 <>  7.0 |     79 |  44978 |
|  7.0 <>  7.5 |      0 |      0 |
|  7.5 <>  8.0 |      2 |    120 |
|  8.0 <>  8.5 |      0 |      0 |
|  8.5 <>  9.0 |      2 |    120 |
|  9.0 <>  9.5 |      0 |      0 |
|  9.5 <> 10.0 |      0 |      0 |
| 10.0 <> 10.5 |      1 |    464 |
| 10.5 <> 11.0 |    189 | 100876 |
| 11.0 <> 11.5 |    226 | 133143 |
| 11.5 <> 12.0 |     52 |  25727 |
| 12.0 <> 12.5 |     37 |  20090 |
| 12.5 <> 13.0 |      0 |      0 |
| 13.0 <> 13.5 |      0 |      0 |
| 13.5 <> 14.0 |      0 |      0 |
| 14.0 <> 14.5 |      0 |      0 |
| 14.5 <> 15.0 |      0 |      0 |
| 15.0 <> 15.5 |      0 |      0 |
| 15.5 <> 16.0 |      6 |    507 |
| 16.0 <> 16.5 |      0 |      0 |
| 16.5 <> 17.0 |     16 |   1087 |
| 17.0 <> 17.5 |      1 |     90 |
| 17.5 <> 18.0 |    119 |  28040 |
| 18.0 <> 18.5 |     10 |   3819 |
| 18.5 <> 19.0 |      5 |   2399 |
| 19.0 <> 19.5 |      4 |   1227 |
| 19.5 <> 20.0 |      1 |     78 |
| 20.0 <> 20.5 |      0 |      0 |
| 20.5 <> 21.0 |      0 |      0 |
| 21.0 <> 21.5 |      1 |    344 |
| 21.5 <> 22.0 |      0 |      0 |
| 22.0 <> 22.5 |      0 |      0 |
| 22.5 <> 23.0 |     41 |   9100 |
| 23.0 <> 23.5 |     27 |  13252 |
| 23.5 <> 24.0 |     27 |  11842 |
| 24.0 <> 24.5 |      0 |      0 |
| 24.5 <> 25.0 |      3 |    339 |
| 25.0 <> 25.5 |      9 |   2978 |
| 25.5 <> 26.0 |      0 |      0 |
| 26.0 <> 26.5 |      3 |   1770 |
| 26.5 <> 27.0 |      0 |      0 |
| 27.0 <> 27.5 |      5 |   1241 |
| 27.5 <> 28.0 |      5 |   1001 |
| 28.0 <> 28.5 |     15 |   1279 |
| 28.5 <> 29.0 |     25 |   3744 |
| 29.0 <> 29.5 |      5 |    789 |
| 29.5 <> 30.0 |     45 |  24168 |
| 30.0 <> 30.5 |      0 |      0 |
| 30.5 <> 31.0 |      0 |      0 |
| 31.0 <> 31.5 |      0 |      0 |
| 31.5 <> 32.0 |      0 |      0 |
| 32.0 <> 32.5 |      0 |      0 |
| 32.5 <> 33.0 |      0 |      0 |
| 33.0 <> 33.5 |      0 |      0 |
| 33.5 <> 34.0 |      6 |    336 |
| 34.0 <> 34.5 |      1 |     80 |
| 34.5 <> 35.0 |     58 |  22869 |
| 35.0 <> 35.5 |     20 |  13787 |
| 35.5 <> 36.0 |      0 |      0 |
| 36.0 <> 36.5 |      0 |      0 |
| 36.5 <> 37.0 |      0 |      0 |
| 37.0 <> 37.5 |     73 |  29841 |
| 37.5 <> 38.0 |     89 |  48175 |
| 38.0 <> 38.5 |      0 |      0 |
| 38.5 <> 39.0 |      3 |    811 |
| 39.0 <> 39.5 |    125 |  82121 |
| 39.5 <> 40.0 |     11 |   6224 |
| 40.0 <> 40.5 |      0 |      0 |
| 40.5 <> 41.0 |     57 |  41821 |
| 41.0 <> 41.5 |      3 |   1404 |
| 41.5 <> 42.0 |      0 |      0 |
| 42.0 <> 42.5 |      2 |    196 |
| 42.5 <> 43.0 |     67 |  16248 |
| 43.0 <> 43.5 |     37 |  21532 |
| 43.5 <> 44.0 |    104 |  86776 |
| 44.0 <> 44.5 |     36 |   7254 |
| 44.5 <> 45.0 |     82 |  65940 |
| 45.0 <> 45.5 |     13 |   3148 |
| 45.5 <> 46.0 |     45 |  21187 |
| 46.0 <> 46.5 |     70 |  19104 |
| 46.5 <> 47.0 |     33 |   3983 |
| 47.0 <> 47.5 |      0 |      0 |
| 47.5 <> 48.0 |     64 |  15280 |
| 48.0 <> 48.5 |     84 |  41262 |
| 48.5 <> 49.0 |     54 |  30486 |
| 49.0 <> 49.5 |      8 |    859 |
| 49.5 <> 50.0 |     27 |   4627 |
| 50.0 <> 50.5 |     22 |   3826 |
| 50.5 <> 51.0 |     20 |   7963 |
| 51.0 <> 51.5 |      0 |      0 |
| 51.5 <> 52.0 |      2 |    136 |
| 52.0 <> 52.5 |      4 |    272 |
| 52.5 <> 53.0 |     25 |   8710 |
| 53.0 <> 53.5 |     27 |  10849 |
| 53.5 <> 54.0 |     47 |  16867 |
| 54.0 <> 54.5 |     25 |   1715 |
| 54.5 <> 55.0 |     37 |   5257 |
| 55.0 <> 55.5 |     16 |   6443 |
| 55.5 <> 56.0 |     27 |  15737 |
| 56.0 <> 56.5 |     36 |  25136 |
| 56.5 <> 57.0 |      3 |    204 |
| 57.0 <> 57.5 |      0 |      0 |
| 57.5 <> 58.0 |      0 |      0 |
| 58.0 <> 58.5 |     79 |  61808 |
| 58.5 <> 59.0 |     38 |  27959 |
| 59.0 <> 59.5 |      7 |    536 |
| 59.5 <> 60.0 |     13 |   1365 |
| 60.0 <> 60.5 |     13 |    916 |
| 60.5 <> 61.0 |    115 |  61582 |
| 61.0 <> 61.5 |     27 |  18165 |
| 61.5 <> 62.0 |      0 |      0 |
| 62.0 <> 62.5 |      0 |      0 |
| 62.5 <> 63.0 |      1 |    128 |
| 63.0 <> 63.5 |      0 |      0 |
| 63.5 <> 64.0 |      0 |      0 |
| 64.0 <> 64.5 |      1 |    128 |
| 64.5 <> 65.0 |      0 |      0 |
| 65.0 <> 65.5 |      0 |      0 |
| 65.5 <> 66.0 |      0 |      0 |
| 66.0 <> 66.5 |      7 |    476 |
| 66.5 <> 67.0 |      9 |    672 |
| 67.0 <> 67.5 |      2 |    527 |
| 67.5 <> 68.0 |      7 |   3019 |
| 68.0 <> 68.5 |     13 |   3463 |
| 68.5 <> 69.0 |     15 |   3851 |
| 69.0 <> 69.5 |      0 |      0 |
| 69.5 <> 70.0 |      3 |    242 |
| 70.0 <> 70.5 |      0 |      0 |
| 70.5 <> 71.0 |      0 |      0 |
| 71.0 <> 71.5 |      0 |      0 |
| 71.5 <> 72.0 |      0 |      0 |
| 72.0 <> 72.5 |      0 |      0 |
| 72.5 <> 73.0 |      4 |    724 |
| 73.0 <> 73.5 |     12 |   4696 |
| 73.5 <> 74.0 |     21 |   5352 |
| 74.0 <> 74.5 |     18 |   2982 |
| 74.5 <> 75.0 |     17 |   6065 |
| 75.0 <> 75.5 |      6 |   1101 |
| 75.5 <> 76.0 |      0 |      0 |
| 76.0 <> 76.5 |      0 |      0 |
| 76.5 <> 77.0 |      0 |      0 |
| 77.0 <> 77.5 |      0 |      0 |
| 77.5 <> 78.0 |      0 |      0 |
| 78.0 <> 78.5 |      2 |    355 |
| 78.5 <> 79.0 |      7 |    520 |
| 79.0 <> 79.5 |     15 |   2591 |
| 79.5 <> 80.0 |     13 |   1957 |
| 80.0 <> 80.7 |     14 |   1716 |
==================================
