
=================================
| IO Statistics                 |
|                               |
| Interval size: 0.5 secs       |
| Col 1: ip.src==117.96.39.17   |
|-------------------------------|
|              |1               |
| Interval
| Interval     | Frames | Bytes |
|-------------------------------|
|  0.0 <>  0.5 |      1 |    89 |
|  0.5 <>  1.0 |      0 |     0 |
|  1.0 <>  1.5 |      0 |     0 |
|  1.5 <>  2.0 |      0 |     0 |
|  2.0 <>  2.5 |      0 |     0 |
|  2.5 <>  3.0 |      0 |     0 |
|  3.0 <>  3.5 |      0 |     0 |
|  3.5 <>  4.0 |      0 |     0 |
|  4.0 <>  4.5 |      0 |     0 |
|  4.5 <>  5.0 |      0 |     0 |
|  5.0 <>  5.5 |     16 |  1424 |
|  5.5 <>  6.0 |     74 | 13915 |
|  6.0 <>  6.5 |     92 |  6924 |
|  6.5 <>  7.0 |     40 |  3162 |
|  7.0 <>  7.5 |      0 |     0 |
|  7.5 <>  8.0 |      1 |    56 |
|  8.0 <>  8.5 |      0 |     0 |
|  8.5 <>  9.0 |      1 |    56 |
|  9.0 <>  9.5 |      0 |     0 |
|  9.5 <> 10.0 |      0 |     0 |
| 10.0 <> 10.5 |      1 |   464 |
| 10.5 <> 11.0 |    104 | 10091 |
| 11.0 <> 11.5 |    106 | 10684 |
| 11.5 <> 12.0 |     32 |  4361 |
| 12.0 <> 12.5 |     19 |  2112 |
| 12.5 <> 13.0 |      0 |     0 |
| 13.0 <> 13.5 |      0 |     0 |
| 13.5 <> 14.0 |      0 |     0 |
| 14.0 <> 14.5 |      0 |     0 |
| 14.5 <> 15.0 |      0 |     0 |
| 15.0 <> 15.5 |      0 |     0 |
| 15.5 <> 16.0 |      6 |   507 |
| 16.0 <> 16.5 |      0 |     0 |
| 16.5 <> 17.0 |     16 |  1087 |
| 17.0 <> 17.5 |      1 |    90 |
| 17.5 <> 18.0 |     56 |  5024 |
| 18.0 <> 18.5 |      6 |  1311 |
| 18.5 <> 19.0 |      3 |  2216 |
| 19.0 <> 19.5 |      1 |    68 |
| 19.5 <> 20.0 |      1 |    78 |
| 20.0 <> 20.5 |      0 |     0 |
| 20.5 <> 21.0 |      0 |     0 |
| 21.0 <> 21.5 |      1 |   344 |
| 21.5 <> 22.0 |      0 |     0 |
| 22.0 <> 22.5 |      0 |     0 |
| 22.5 <> 23.0 |     24 |  1625 |
| 23.0 <> 23.5 |     15 |  1250 |
| 23.5 <> 24.0 |     13 |   782 |
| 24.0 <> 24.5 |      0 |     0 |
| 24.5 <> 25.0 |      2 |   154 |
| 25.0 <> 25.5 |      5 |   710 |
| 25.5 <> 26.0 |      0 |     0 |
| 26.0 <> 26.5 |      2 |   334 |
| 26.5 <> 27.0 |      0 |     0 |
| 27.0 <> 27.5 |      2 |   990 |
| 27.5 <> 28.0 |      3 |   231 |
| 28.0 <> 28.5 |      8 |   522 |
| 28.5 <> 29.0 |     15 |  2886 |
| 29.0 <> 29.5 |      2 |   136 |
| 29.5 <> 30.0 |     26 |  4938 |
| 30.0 <> 30.5 |      0 |     0 |
| 30.5 <> 31.0 |      0 |     0 |
| 31.0 <> 31.5 |      0 |     0 |
| 31.5 <> 32.0 |      0 |     0 |
| 32.0 <> 32.5 |      0 |     0 |
| 32.5 <> 33.0 |      0 |     0 |
| 33.0 <> 33.5 |      0 |     0 |
| 33.5 <> 34.0 |      4 |   224 |
| 34.0 <> 34.5 |      1 |    80 |
| 34.5 <> 35.0 |     32 |  3255 |
| 35.0 <> 35.5 |     10 |   680 |
| 35.5 <> 36.0 |      0 |     0 |
| 36.0 <> 36.5 |      0 |     0 |
| 36.5 <> 37.0 |      0 |     0 |
| 37.0 <> 37.5 |     49 | 13539 |
| 37.5 <> 38.0 |     42 |  6714 |
| 38.0 <> 38.5 |      0 |     0 |
| 38.5 <> 39.0 |      3 |   811 |
| 39.0 <> 39.5 |     67 | 13345 |
| 39.5 <> 40.0 |      6 |   408 |
| 40.0 <> 40.5 |      0 |     0 |
| 40.5 <> 41.0 |     26 |  3800 |
| 41.0 <> 41.5 |      2 |   517 |
| 41.5 <> 42.0 |      0 |     0 |
| 42.0 <> 42.5 |      2 |   196 |
| 42.5 <> 43.0 |     38 |  3658 |
| 43.0 <> 43.5 |     20 |  2448 |
| 43.5 <> 44.0 |     43 |  2960 |
| 44.0 <> 44.5 |     22 |  2506 |
| 44.5 <> 45.0 |     34 |  2683 |
| 45.0 <> 45.5 |      8 |  1051 |
| 45.5 <> 46.0 |     24 |  3099 |
| 46.0 <> 46.5 |     45 |  5403 |
| 46.5 <> 47.0 |     17 |  1144 |
| 47.0 <> 47.5 |      0 |     0 |
| 47.5 <> 48.0 |     40 |  4904 |
| 48.0 <> 48.5 |     45 |  3677 |
| 48.5 <> 49.0 |     24 |  1927 |
| 49.0 <> 49.5 |      7 |   551 |
| 49.5 <> 50.0 |     16 |  3041 |
| 50.0 <> 50.5 |     12 |  1250 |
| 50.5 <> 51.0 |     11 |  1149 |
| 51.0 <> 51.5 |      0 |     0 |
| 51.5 <> 52.0 |      2 |   136 |
| 52.0 <> 52.5 |      2 |   136 |
| 52.5 <> 53.0 |     15 |  1637 |
| 53.0 <> 53.5 |     14 |  1292 |
| 53.5 <> 54.0 |     31 |  2937 |
| 54.0 <> 54.5 |     10 |   695 |
| 54.5 <> 55.0 |     24 |  3209 |
| 55.0 <> 55.5 |      7 |   493 |
| 55.5 <> 56.0 |     16 |  1829 |
| 56.0 <> 56.5 |     15 |  1020 |
| 56.5 <> 57.0 |      2 |   136 |
| 57.0 <> 57.5 |      0 |     0 |
| 57.5 <> 58.0 |      0 |     0 |
| 58.0 <> 58.5 |     42 | 17380 |
| 58.5 <> 59.0 |     13 |  1595 |
| 59.0 <> 59.5 |      4 |   272 |
| 59.5 <> 60.0 |      7 |   523 |
| 60.0 <> 60.5 |      8 |   544 |
| 60.5 <> 61.0 |     61 |  6264 |
| 61.0 <> 61.5 |     13 |   884 |
| 61.5 <> 62.0 |      0 |     0 |
| 62.0 <> 62.5 |      0 |     0 |
| 62.5 <> 63.0 |      0 |     0 |
| 63.0 <> 63.5 |      0 |     0 |
| 63.5 <> 64.0 |      0 |     0 |
| 64.0 <> 64.5 |      0 |     0 |
| 64.5 <> 65.0 |      0 |     0 |
| 65.0 <> 65.5 |      0 |     0 |
| 65.5 <> 66.0 |      0 |     0 |
| 66.0 <> 66.5 |      6 |   408 |
| 66.5 <> 67.0 |      4 |   272 |
| 67.0 <> 67.5 |      1 |   247 |
| 67.5 <> 68.0 |      5 |   370 |
| 68.0 <> 68.5 |      8 |  1123 |
| 68.5 <> 69.0 |      6 |   641 |
| 69.0 <> 69.5 |      0 |     0 |
| 69.5 <> 70.0 |      2 |   149 |
| 70.0 <> 70.5 |      0 |     0 |
| 70.5 <> 71.0 |      0 |     0 |
| 71.0 <> 71.5 |      0 |     0 |
| 71.5 <> 72.0 |      0 |     0 |
| 72.0 <> 72.5 |      0 |     0 |
| 72.5 <> 73.0 |      2 |   158 |
| 73.0 <> 73.5 |      7 |   784 |
| 73.5 <> 74.0 |     13 |  1183 |
| 74.0 <> 74.5 |     11 |  2056 |
| 74.5 <> 75.0 |      7 |  1171 |
| 75.0 <> 75.5 |      4 |   306 |
| 75.5 <> 76.0 |      0 |     0 |
| 76.0 <> 76.5 |      0 |     0 |
| 76.5 <> 77.0 |      0 |     0 |
| 77.0 <> 77.5 |      0 |     0 |
| 77.5 <> 78.0 |      0 |     0 |
| 78.0 <> 78.5 |      1 |    80 |
| 78.5 <> 79.0 |      5 |   368 |
| 79.0 <> 79.5 |     11 |  1474 |
| 79.5 <> 80.0 |      7 |   392 |
| 80.0 <> 80.7 |      8 |   557 |
=================================
