0.851998000
1.312860000
2.591783000
2.731988000
2.896939000
2.904266000
3.014278000
5.786847000
6.411719000
8.416719000
13.676724000
13.676774000
13.681710000
13.681759000
13.776712000
13.853995000
13.933959000
13.936721000
13.976729000
14.104197000
14.107947000
14.149947000
14.224075000
14.288080000
14.476706000
14.756760000
14.832666000
14.843986000
14.884647000
14.914276000
14.964157000
15.134161000
15.154537000
15.154848000
15.204355000
15.296710000
15.303962000
15.323940000
15.343963000
15.554135000
15.574440000
15.574602000
15.603987000
15.624152000
15.704181000
16.594296000
16.922645000
17.076727000
18.526753000
22.024026000
27.221730000
27.747945000
