11.557354000
14.037608000
15.026161000
15.455902000
24.099028000
25.077169000
25.397112000
28.139101000
28.919039000
30.089840000
30.749887000
37.405065000
38.757812000
40.379030000
65.139288000
68.596451000
75.449050000
76.200510000
80.069985000
88.994018000
92.019139000
92.980244000
94.000300000
96.639106000
96.730649000
96.899208000
98.490360000
98.510221000
98.579072000
98.879118000
99.019100000
99.739276000
100.539320000
101.296022000
102.595153000
102.910803000
103.190941000
108.407032000
109.446119000
109.570316000
110.059145000
111.981105000
112.000564000
114.899219000
115.001135000
115.795786000
116.499123000
116.699263000
118.509951000
118.739016000
120.739054000
124.205089000
124.640006000
125.059076000
125.059125000
127.809750000
128.428358000
129.619054000
131.680599000
131.680739000
136.339085000
137.140474000
147.539066000
155.090797000
155.781125000
155.799177000
