
====================================
| IO Statistics                    |
|                                  |
| Interval size: 0.5 secs          |
| Col 1: Frames and bytes          |
|----------------------------------|
|                |1                |
| Interval
| Interval       | Frames |  Bytes |
|----------------------------------|
|   0.0 <>   0.5 |      7 |   2405 |
|   0.5 <>   1.0 |     14 |   1975 |
|   1.0 <>   1.5 |     18 |   2426 |
|   1.5 <>   2.0 |     29 |  16694 |
|   2.0 <>   2.5 |      2 |    156 |
|   2.5 <>   3.0 |      0 |      0 |
|   3.0 <>   3.5 |      6 |    408 |
|   3.5 <>   4.0 |      3 |    204 |
|   4.0 <>   4.5 |      0 |      0 |
|   4.5 <>   5.0 |      0 |      0 |
|   5.0 <>   5.5 |     12 |    780 |
|   5.5 <>   6.0 |      0 |      0 |
|   6.0 <>   6.5 |      0 |      0 |
|   6.5 <>   7.0 |      0 |      0 |
|   7.0 <>   7.5 |      0 |      0 |
|   7.5 <>   8.0 |      0 |      0 |
|   8.0 <>   8.5 |      0 |      0 |
|   8.5 <>   9.0 |      0 |      0 |
|   9.0 <>   9.5 |      0 |      0 |
|   9.5 <>  10.0 |      0 |      0 |
|  10.0 <>  10.5 |      0 |      0 |
|  10.5 <>  11.0 |      0 |      0 |
|  11.0 <>  11.5 |      0 |      0 |
|  11.5 <>  12.0 |      0 |      0 |
|  12.0 <>  12.5 |      0 |      0 |
|  12.5 <>  13.0 |      0 |      0 |
|  13.0 <>  13.5 |      0 |      0 |
|  13.5 <>  14.0 |      0 |      0 |
|  14.0 <>  14.5 |      0 |      0 |
|  14.5 <>  15.0 |      0 |      0 |
|  15.0 <>  15.5 |      0 |      0 |
|  15.5 <>  16.0 |      0 |      0 |
|  16.0 <>  16.5 |      0 |      0 |
|  16.5 <>  17.0 |      0 |      0 |
|  17.0 <>  17.5 |      0 |      0 |
|  17.5 <>  18.0 |      0 |      0 |
|  18.0 <>  18.5 |      0 |      0 |
|  18.5 <>  19.0 |      0 |      0 |
|  19.0 <>  19.5 |      0 |      0 |
|  19.5 <>  20.0 |      0 |      0 |
|  20.0 <>  20.5 |      1 |     76 |
|  20.5 <>  21.0 |      0 |      0 |
|  21.0 <>  21.5 |      0 |      0 |
|  21.5 <>  22.0 |      0 |      0 |
|  22.0 <>  22.5 |      0 |      0 |
|  22.5 <>  23.0 |      5 |    656 |
|  23.0 <>  23.5 |     14 |   3921 |
|  23.5 <>  24.0 |     16 |   3788 |
|  24.0 <>  24.5 |     20 |   4589 |
|  24.5 <>  25.0 |     21 |   4660 |
|  25.0 <>  25.5 |     18 |   3992 |
|  25.5 <>  26.0 |     21 |   4538 |
|  26.0 <>  26.5 |     17 |   2465 |
|  26.5 <>  27.0 |     20 |   4567 |
|  27.0 <>  27.5 |     14 |   3940 |
|  27.5 <>  28.0 |     21 |   4636 |
|  28.0 <>  28.5 |     18 |   4403 |
|  28.5 <>  29.0 |     20 |   4575 |
|  29.0 <>  29.5 |     20 |   4108 |
|  29.5 <>  30.0 |     21 |   4646 |
|  30.0 <>  30.5 |     26 |   8172 |
|  30.5 <>  31.0 |     81 |  47089 |
|  31.0 <>  31.5 |     52 |   7349 |
|  31.5 <>  32.0 |     26 |   4104 |
|  32.0 <>  32.5 |     42 |   7653 |
|  32.5 <>  33.0 |     28 |   4868 |
|  33.0 <>  33.5 |     22 |   5316 |
|  33.5 <>  34.0 |      0 |      0 |
|  34.0 <>  34.5 |      0 |      0 |
|  34.5 <>  35.0 |      0 |      0 |
|  35.0 <>  35.5 |      0 |      0 |
|  35.5 <>  36.0 |     39 |  15136 |
|  36.0 <>  36.5 |     49 |  14580 |
|  36.5 <>  37.0 |     27 |   2673 |
|  37.0 <>  37.5 |     65 |  38563 |
|  37.5 <>  38.0 |    110 |  57583 |
|  38.0 <>  38.5 |     10 |   6059 |
|  38.5 <>  39.0 |     14 |   4469 |
|  39.0 <>  39.5 |      0 |      0 |
|  39.5 <>  40.0 |      0 |      0 |
|  40.0 <>  40.5 |      0 |      0 |
|  40.5 <>  41.0 |      1 |     90 |
|  41.0 <>  41.5 |      1 |    541 |
|  41.5 <>  42.0 |     19 |   1232 |
|  42.0 <>  42.5 |      0 |      0 |
|  42.5 <>  43.0 |      3 |    204 |
|  43.0 <>  43.5 |      0 |      0 |
|  43.5 <>  44.0 |      0 |      0 |
|  44.0 <>  44.5 |      0 |      0 |
|  44.5 <>  45.0 |      0 |      0 |
|  45.0 <>  45.5 |      0 |      0 |
|  45.5 <>  46.0 |      0 |      0 |
|  46.0 <>  46.5 |      0 |      0 |
|  46.5 <>  47.0 |      0 |      0 |
|  47.0 <>  47.5 |      0 |      0 |
|  47.5 <>  48.0 |      0 |      0 |
|  48.0 <>  48.5 |      0 |      0 |
|  48.5 <>  49.0 |      0 |      0 |
|  49.0 <>  49.5 |      0 |      0 |
|  49.5 <>  50.0 |      0 |      0 |
|  50.0 <>  50.5 |      0 |      0 |
|  50.5 <>  51.0 |      0 |      0 |
|  51.0 <>  51.5 |      0 |      0 |
|  51.5 <>  52.0 |      0 |      0 |
|  52.0 <>  52.5 |      0 |      0 |
|  52.5 <>  53.0 |      0 |      0 |
|  53.0 <>  53.5 |      0 |      0 |
|  53.5 <>  54.0 |      0 |      0 |
|  54.0 <>  54.5 |      0 |      0 |
|  54.5 <>  55.0 |      0 |      0 |
|  55.0 <>  55.5 |      0 |      0 |
|  55.5 <>  56.0 |      0 |      0 |
|  56.0 <>  56.5 |      0 |      0 |
|  56.5 <>  57.0 |      0 |      0 |
|  57.0 <>  57.5 |      0 |      0 |
|  57.5 <>  58.0 |      0 |      0 |
|  58.0 <>  58.5 |      0 |      0 |
|  58.5 <>  59.0 |      0 |      0 |
|  59.0 <>  59.5 |      0 |      0 |
|  59.5 <>  60.0 |      0 |      0 |
|  60.0 <>  60.5 |      0 |      0 |
|  60.5 <>  61.0 |      0 |      0 |
|  61.0 <>  61.5 |      0 |      0 |
|  61.5 <>  62.0 |      0 |      0 |
|  62.0 <>  62.5 |      0 |      0 |
|  62.5 <>  63.0 |      0 |      0 |
|  63.0 <>  63.5 |      0 |      0 |
|  63.5 <>  64.0 |      0 |      0 |
|  64.0 <>  64.5 |      0 |      0 |
|  64.5 <>  65.0 |      0 |      0 |
|  65.0 <>  65.5 |      0 |      0 |
|  65.5 <>  66.0 |      0 |      0 |
|  66.0 <>  66.5 |      0 |      0 |
|  66.5 <>  67.0 |      0 |      0 |
|  67.0 <>  67.5 |      0 |      0 |
|  67.5 <>  68.0 |      0 |      0 |
|  68.0 <>  68.5 |      0 |      0 |
|  68.5 <>  69.0 |      0 |      0 |
|  69.0 <>  69.5 |      0 |      0 |
|  69.5 <>  70.0 |      0 |      0 |
|  70.0 <>  70.5 |      0 |      0 |
|  70.5 <>  71.0 |      0 |      0 |
|  71.0 <>  71.5 |      0 |      0 |
|  71.5 <>  72.0 |      3 |    243 |
|  72.0 <>  72.5 |      0 |      0 |
|  72.5 <>  73.0 |      0 |      0 |
|  73.0 <>  73.5 |      0 |      0 |
|  73.5 <>  74.0 |      0 |      0 |
|  74.0 <>  74.5 |     27 |   2055 |
|  74.5 <>  75.0 |     20 |   6092 |
|  75.0 <>  75.5 |     26 |   9890 |
|  75.5 <>  76.0 |     28 |  10480 |
|  76.0 <>  76.5 |      0 |      0 |
|  76.5 <>  77.0 |     13 |   4052 |
|  77.0 <>  77.5 |     13 |   4230 |
|  77.5 <>  78.0 |      3 |    942 |
|  78.0 <>  78.5 |     12 |   1300 |
|  78.5 <>  79.0 |      0 |      0 |
|  79.0 <>  79.5 |      3 |    204 |
|  79.5 <>  80.0 |      0 |      0 |
|  80.0 <>  80.5 |      0 |      0 |
|  80.5 <>  81.0 |      6 |    408 |
|  81.0 <>  81.5 |      1 |     78 |
|  81.5 <>  82.0 |     31 |   4750 |
|  82.0 <>  82.5 |      4 |   1207 |
|  82.5 <>  83.0 |      3 |   1583 |
|  83.0 <>  83.5 |      6 |    408 |
|  83.5 <>  84.0 |      0 |      0 |
|  84.0 <>  84.5 |      0 |      0 |
|  84.5 <>  85.0 |      0 |      0 |
|  85.0 <>  85.5 |      0 |      0 |
|  85.5 <>  86.0 |      0 |      0 |
|  86.0 <>  86.5 |      0 |      0 |
|  86.5 <>  87.0 |     27 |   5624 |
|  87.0 <>  87.5 |    289 | 149497 |
|  87.5 <>  88.0 |    127 |  73913 |
|  88.0 <>  88.5 |      3 |   2470 |
|  88.5 <>  89.0 |    127 |  61799 |
|  89.0 <>  89.5 |     22 |   3629 |
|  89.5 <>  90.0 |     47 |  19848 |
|  90.0 <>  90.5 |     80 |  36760 |
|  90.5 <>  91.0 |     48 |  28077 |
|  91.0 <>  91.5 |     13 |   1431 |
|  91.5 <>  92.0 |      8 |   1325 |
|  92.0 <>  92.5 |     28 |   3754 |
|  92.5 <>  93.0 |     89 |   6554 |
|  93.0 <>  93.5 |      3 |    204 |
|  93.5 <>  94.0 |      7 |    874 |
|  94.0 <>  94.5 |      0 |      0 |
|  94.5 <>  95.0 |     16 |   1487 |
|  95.0 <>  95.5 |      0 |      0 |
|  95.5 <>  96.0 |      1 |     68 |
|  96.0 <>  96.5 |     22 |   2960 |
|  96.5 <>  97.0 |     26 |   2796 |
|  97.0 <>  97.5 |     18 |   1619 |
|  97.5 <>  98.0 |     10 |   1206 |
|  98.0 <>  98.5 |      2 |    176 |
|  98.5 <>  99.0 |      0 |      0 |
|  99.0 <>  99.5 |      3 |   1464 |
|  99.5 <> 100.0 |      0 |      0 |
| 100.0 <> 100.5 |      0 |      0 |
| 100.5 <> 101.0 |      0 |      0 |
| 101.0 <> 101.5 |      0 |      0 |
| 101.5 <> 102.0 |      3 |    638 |
| 102.0 <> 102.5 |      7 |    605 |
| 102.5 <> 103.0 |      2 |    619 |
| 103.0 <> 103.5 |      2 |    609 |
| 103.5 <> 104.0 |      0 |      0 |
| 104.0 <> 104.5 |      0 |      0 |
| 104.5 <> 105.0 |      0 |      0 |
| 105.0 <> 105.5 |      0 |      0 |
| 105.5 <> 106.0 |      0 |      0 |
| 106.0 <> 106.5 |      0 |      0 |
| 106.5 <> 107.0 |      0 |      0 |
| 107.0 <> 107.5 |      1 |     77 |
| 107.5 <> 108.0 |      0 |      0 |
| 108.0 <> 108.5 |      0 |      0 |
| 108.5 <> 109.0 |      0 |      0 |
| 109.0 <> 109.5 |      0 |      0 |
| 109.5 <> 110.0 |      0 |      0 |
| 110.0 <> 110.5 |      0 |      0 |
| 110.5 <> 111.0 |      0 |      0 |
| 111.0 <> 111.5 |      1 |    972 |
| 111.5 <> 112.0 |      0 |      0 |
| 112.0 <> 112.5 |      7 |   1434 |
| 112.5 <> 113.0 |      3 |    213 |
| 113.0 <> 113.5 |      3 |    326 |
| 113.5 <> 114.0 |      7 |    602 |
| 114.0 <> 114.5 |      2 |    212 |
| 114.5 <> 115.0 |      3 |    429 |
| 115.0 <> 115.5 |      0 |      0 |
| 115.5 <> 116.0 |      0 |      0 |
| 116.0 <> 116.5 |      0 |      0 |
| 116.5 <> 117.0 |      1 |     76 |
| 117.0 <> 117.5 |      3 |   1475 |
| 117.5 <> 118.0 |      7 |   1021 |
| 118.0 <> 118.5 |      1 |     68 |
| 118.5 <> 119.0 |      0 |      0 |
| 119.0 <> 119.5 |      0 |      0 |
| 119.5 <> 120.0 |      0 |      0 |
| 120.0 <> 120.5 |      0 |      0 |
| 120.5 <> 121.0 |      0 |      0 |
| 121.0 <> 121.5 |      0 |      0 |
| 121.5 <> 122.0 |      0 |      0 |
| 122.0 <> 122.5 |      0 |      0 |
| 122.5 <> 123.0 |      0 |      0 |
| 123.0 <> 123.5 |      0 |      0 |
| 123.5 <> 124.0 |      0 |      0 |
| 124.0 <> 124.5 |      3 |   1464 |
| 124.5 <> 125.0 |      0 |      0 |
| 125.0 <> 125.5 |      0 |      0 |
| 125.5 <> 126.0 |      0 |      0 |
| 126.0 <> 126.5 |      0 |      0 |
| 126.5 <> 127.0 |      0 |      0 |
| 127.0 <> 127.5 |      0 |      0 |
| 127.5 <> 128.0 |      0 |      0 |
| 128.0 <> 128.5 |      0 |      0 |
| 128.5 <> 129.0 |      0 |      0 |
| 129.0 <> 129.5 |      0 |      0 |
| 129.5 <> 130.0 |      0 |      0 |
| 130.0 <> 130.5 |      0 |      0 |
| 130.5 <> 131.0 |      0 |      0 |
| 131.0 <> 131.5 |      0 |      0 |
| 131.5 <> 132.0 |      0 |      0 |
| 132.0 <> 132.5 |      0 |      0 |
| 132.5 <> 133.0 |      0 |      0 |
| 133.0 <> 133.5 |      0 |      0 |
| 133.5 <> 134.0 |      0 |      0 |
| 134.0 <> 134.5 |      0 |      0 |
| 134.5 <> 135.0 |      0 |      0 |
| 135.0 <> 135.5 |      0 |      0 |
| 135.5 <> 136.0 |      0 |      0 |
| 136.0 <> 136.5 |      1 |    972 |
| 136.5 <> 137.0 |      0 |      0 |
| 137.0 <> 137.5 |      0 |      0 |
| 137.5 <> 138.0 |      1 |    972 |
| 138.0 <> 138.5 |      0 |      0 |
| 138.5 <> 139.0 |      3 |    572 |
| 139.0 <> 139.5 |      0 |      0 |
| 139.5 <> 140.0 |      0 |      0 |
| 140.0 <> 140.5 |      0 |      0 |
| 140.5 <> 141.0 |      0 |      0 |
| 141.0 <> 141.5 |      0 |      0 |
| 141.5 <> 142.0 |      0 |      0 |
| 142.0 <> 142.5 |      0 |      0 |
| 142.5 <> 143.0 |      0 |      0 |
| 143.0 <> 143.5 |      0 |      0 |
| 143.5 <> 144.0 |      0 |      0 |
| 144.0 <> 144.5 |      0 |      0 |
| 144.5 <> 145.0 |      0 |      0 |
| 145.0 <> 145.5 |      0 |      0 |
| 145.5 <> 146.0 |      0 |      0 |
| 146.0 <> 146.5 |      0 |      0 |
| 146.5 <> 147.0 |      0 |      0 |
| 147.0 <> 147.5 |      0 |      0 |
| 147.5 <> 148.0 |      0 |      0 |
| 148.0 <> 148.5 |      0 |      0 |
| 148.5 <> 149.0 |      2 |    198 |
| 149.0 <> 149.5 |      0 |      0 |
| 149.5 <> 150.0 |      0 |      0 |
| 150.0 <> 150.5 |      0 |      0 |
| 150.5 <> 151.0 |      0 |      0 |
| 151.0 <> 151.5 |      6 |    495 |
| 151.5 <> 152.0 |      1 |     68 |
| 152.0 <> 152.5 |      0 |      0 |
| 152.5 <> 153.0 |      0 |      0 |
| 153.0 <> 153.5 |      0 |      0 |
| 153.5 <> 154.0 |      0 |      0 |
| 154.0 <> 154.5 |      0 |      0 |
| 154.5 <> 155.0 |      0 |      0 |
| 155.0 <> 155.5 |      0 |      0 |
| 155.5 <> 156.0 |      0 |      0 |
| 156.0 <> 156.5 |      0 |      0 |
| 156.5 <> 157.0 |      0 |      0 |
| 157.0 <> 157.5 |      0 |      0 |
| 157.5 <> 158.0 |      0 |      0 |
| 158.0 <> 158.5 |      0 |      0 |
| 158.5 <> 159.0 |      0 |      0 |
| 159.0 <> 159.5 |      0 |      0 |
| 159.5 <> 160.0 |      0 |      0 |
| 160.0 <> 160.5 |      0 |      0 |
| 160.5 <> 161.0 |      0 |      0 |
| 161.0 <> 161.5 |      0 |      0 |
| 161.5 <> 162.0 |      0 |      0 |
| 162.0 <> 162.5 |      0 |      0 |
| 162.5 <> 163.0 |      0 |      0 |
| 163.0 <> 163.5 |      0 |      0 |
| 163.5 <> 164.0 |      0 |      0 |
| 164.0 <> 164.5 |      0 |      0 |
| 164.5 <> 165.0 |      0 |      0 |
| 165.0 <> 165.5 |      2 |   1048 |
| 165.5 <> 166.0 |      1 |     76 |
| 166.0 <> 166.5 |      0 |      0 |
| 166.5 <> 167.0 |      0 |      0 |
| 167.0 <> 167.5 |      0 |      0 |
| 167.5 <> 168.0 |      5 |    692 |
| 168.0 <> 168.5 |      8 |   1076 |
| 168.5 <> 169.0 |      9 |    757 |
| 169.0 <> 169.5 |      0 |      0 |
| 169.5 <> 170.0 |      9 |    612 |
| 170.0 <> 170.5 |      1 |     68 |
| 170.5 <> 171.0 |      0 |      0 |
| 171.0 <> 171.5 |      0 |      0 |
| 171.5 <> 172.0 |      0 |      0 |
| 172.0 <> 172.5 |      0 |      0 |
| 172.5 <> 173.0 |      0 |      0 |
| 173.0 <> 173.5 |      0 |      0 |
| 173.5 <> 174.0 |      0 |      0 |
| 174.0 <> 174.5 |      0 |      0 |
| 174.5 <> 175.0 |      0 |      0 |
| 175.0 <> 175.5 |      0 |      0 |
| 175.5 <> 176.0 |      0 |      0 |
| 176.0 <> 176.5 |      0 |      0 |
| 176.5 <> 177.0 |      0 |      0 |
| 177.0 <> 177.5 |      0 |      0 |
| 177.5 <> 178.0 |      0 |      0 |
| 178.0 <> 178.5 |      0 |      0 |
| 178.5 <> 179.0 |      0 |      0 |
| 179.0 <> 179.5 |      0 |      0 |
| 179.5 <> 180.0 |      2 |   1061 |
| 180.0 <> 180.5 |      0 |      0 |
| 180.5 <> 181.0 |      0 |      0 |
| 181.0 <> 181.5 |      0 |      0 |
| 181.5 <> 182.0 |      0 |      0 |
| 182.0 <> 182.5 |      0 |      0 |
| 182.5 <> 183.0 |      3 |    697 |
| 183.0 <> 183.5 |      0 |      0 |
| 183.5 <> 184.0 |      0 |      0 |
| 184.0 <> 184.5 |      0 |      0 |
| 184.5 <> 185.0 |      0 |      0 |
| 185.0 <> 185.5 |      0 |      0 |
| 185.5 <> 186.0 |      0 |      0 |
| 186.0 <> 186.5 |      0 |      0 |
| 186.5 <> 187.0 |      0 |      0 |
| 187.0 <> 187.5 |      0 |      0 |
| 187.5 <> 188.0 |      0 |      0 |
| 188.0 <> 188.5 |      0 |      0 |
| 188.5 <> 189.0 |      0 |      0 |
| 189.0 <> 189.5 |      0 |      0 |
| 189.5 <> 190.0 |      0 |      0 |
| 190.0 <> 190.5 |      0 |      0 |
| 190.5 <> 191.0 |      0 |      0 |
| 191.0 <> 191.5 |      0 |      0 |
| 191.5 <> 192.0 |      0 |      0 |
| 192.0 <> 192.5 |      0 |      0 |
| 192.5 <> 193.0 |      0 |      0 |
| 193.0 <> 193.5 |      0 |      0 |
| 193.5 <> 194.0 |      0 |      0 |
| 194.0 <> 194.5 |      0 |      0 |
| 194.5 <> 195.0 |      1 |    972 |
| 195.0 <> 195.5 |      0 |      0 |
| 195.5 <> 196.0 |      0 |      0 |
| 196.0 <> 196.5 |      0 |      0 |
| 196.5 <> 197.0 |      0 |      0 |
| 197.0 <> 197.5 |      0 |      0 |
| 197.5 <> 198.0 |     13 |   1411 |
| 198.0 <> 198.5 |      3 |    231 |
| 198.5 <> 199.0 |      0 |      0 |
| 199.0 <> 199.5 |      0 |      0 |
| 199.5 <> 200.0 |      0 |      0 |
| 200.0 <> 200.5 |      0 |      0 |
| 200.5 <> 201.0 |      0 |      0 |
| 201.0 <> 201.5 |      0 |      0 |
| 201.5 <> 202.0 |      0 |      0 |
| 202.0 <> 202.5 |      3 |    231 |
| 202.5 <> 203.0 |      0 |      0 |
| 203.0 <> 203.5 |      0 |      0 |
| 203.5 <> 204.0 |      0 |      0 |
| 204.0 <> 204.5 |      0 |      0 |
| 204.5 <> 205.0 |      0 |      0 |
| 205.0 <> 205.5 |      0 |      0 |
| 205.5 <> 206.0 |      0 |      0 |
| 206.0 <> 206.5 |      0 |      0 |
| 206.5 <> 207.0 |      0 |      0 |
| 207.0 <> 207.5 |      2 |    136 |
| 207.5 <> 208.0 |      1 |     68 |
| 208.0 <> 208.5 |      0 |      0 |
| 208.5 <> 209.0 |      0 |      0 |
| 209.0 <> 209.5 |      0 |      0 |
| 209.5 <> 210.0 |      3 |   1170 |
| 210.0 <> 210.7 |     14 |   1407 |
====================================
