6.815239000
10.695026000
12.657988000
23.990873000
24.710850000
24.995850000
26.155814000
27.550828000
29.221457000
29.401552000
33.590865000
37.231025000
39.391647000
39.601446000
42.450789000
42.631569000
43.000797000
43.677401000
44.455780000
44.455826000
48.560849000
48.750941000
50.321513000
50.379967000
50.830805000
51.390817000
52.136897000
52.590934000
52.667069000
53.230913000
53.230993000
53.950816000
54.011738000
54.030844000
54.030892000
54.470852000
55.026592000
55.026827000
55.271146000
55.354859000
55.437002000
56.310881000
56.630831000
59.301888000
59.590631000
59.611688000
60.511849000
60.882261000
60.912006000
60.912150000
60.932226000
61.161722000
61.361722000
61.431711000
61.452067000
61.452686000
67.685807000
68.216647000
69.060821000
70.391799000
71.091698000
71.102451000
71.111967000
88.600811000
88.670833000
88.675852000
88.675940000
88.675974000
88.676012000
