9.127902000
12.408076000
12.447983000
12.502947000
12.512922000
12.573038000
12.868045000
13.019974000
13.359545000
20.697839000
20.717871000
23.098470000
29.648538000
30.002839000
30.327835000
30.532882000
30.908883000
31.528719000
31.648479000
32.064045000
32.088573000
32.119066000
32.158842000
32.188944000
36.482858000
37.107859000
37.948764000
37.968839000
38.369085000
39.012841000
42.778839000
46.519338000
46.697906000
49.027850000
57.992851000
59.527847000
59.602827000
59.642854000
59.748854000
59.927872000
59.947878000
59.957886000
59.977865000
59.987855000
60.017854000
60.177863000
60.197862000
60.207845000
60.227848000
60.237851000
60.267836000
60.277842000
60.307883000
60.388829000
60.582279000
60.847943000
60.848034000
61.098952000
61.117858000
62.067873000
62.397903000
