1.510358000
12.843243000
13.563220000
13.848220000
15.008184000
16.403198000
18.073827000
18.253922000
22.443235000
26.083395000
28.244017000
28.453816000
31.303159000
31.483939000
31.853167000
32.529771000
33.308150000
33.308196000
37.413219000
37.603311000
39.173883000
39.232337000
39.683175000
40.243187000
40.989267000
41.443304000
41.519439000
42.083283000
42.083363000
42.803186000
42.864108000
42.883214000
42.883262000
43.323222000
43.878962000
43.879197000
44.123516000
44.207229000
44.289372000
45.163251000
45.483201000
48.154258000
48.443001000
48.464058000
49.364219000
49.734631000
49.764376000
49.764520000
49.784596000
50.014092000
50.214092000
50.284081000
50.304437000
50.305056000
56.538177000
57.069017000
57.913191000
59.244169000
59.944068000
59.954821000
59.964337000
77.453181000
77.523203000
77.528222000
77.528310000
77.528344000
77.528382000
