7.394518000
7.719514000
7.924561000
8.300562000
8.920398000
9.040158000
9.455724000
9.480252000
9.510745000
9.550521000
9.580623000
13.874537000
14.499538000
15.340443000
15.360518000
15.760764000
16.404520000
20.170518000
23.911017000
24.089585000
26.419529000
35.384530000
36.919526000
36.994506000
37.034533000
37.140533000
37.319551000
37.339557000
37.349565000
37.369544000
37.379534000
37.409533000
37.569542000
37.589541000
37.599524000
37.619527000
37.629530000
37.659515000
37.669521000
37.699562000
37.780508000
37.973958000
38.239622000
38.239713000
38.490631000
38.509537000
39.459552000
39.789582000
