
===================================
| IO Statistics                   |
|                                 |
| Interval size: 0.5 secs         |
| Col 1: Frames and bytes         |
|---------------------------------|
|                |1               |
| Interval
| Interval       | Frames | Bytes |
|---------------------------------|
|   0.0 <>   0.5 |      5 |   507 |
|   0.5 <>   1.0 |      0 |     0 |
|   1.0 <>   1.5 |      0 |     0 |
|   1.5 <>   2.0 |      0 |     0 |
|   2.0 <>   2.5 |      0 |     0 |
|   2.5 <>   3.0 |      0 |     0 |
|   3.0 <>   3.5 |      2 |   310 |
|   3.5 <>   4.0 |      7 |   484 |
|   4.0 <>   4.5 |      0 |     0 |
|   4.5 <>   5.0 |      6 |  1863 |
|   5.0 <>   5.5 |      0 |     0 |
|   5.5 <>   6.0 |      0 |     0 |
|   6.0 <>   6.5 |     12 |  1923 |
|   6.5 <>   7.0 |     41 | 23043 |
|   7.0 <>   7.5 |    102 | 63054 |
|   7.5 <>   8.0 |    143 | 66826 |
|   8.0 <>   8.5 |    105 | 70247 |
|   8.5 <>   9.0 |     41 | 25578 |
|   9.0 <>   9.5 |     65 | 36690 |
|   9.5 <>  10.0 |     96 | 46653 |
|  10.0 <>  10.5 |     21 |  4180 |
|  10.5 <>  11.0 |     15 |  5911 |
|  11.0 <>  11.5 |      2 |   136 |
|  11.5 <>  12.0 |      3 |   548 |
|  12.0 <>  12.5 |     18 |  2807 |
|  12.5 <>  13.0 |      0 |     0 |
|  13.0 <>  13.5 |      2 |   136 |
|  13.5 <>  14.0 |     15 | 12294 |
|  14.0 <>  14.5 |     10 |  2411 |
|  14.5 <>  15.0 |      2 |   136 |
|  15.0 <>  15.5 |      0 |     0 |
|  15.5 <>  16.0 |      1 |    80 |
|  16.0 <>  16.5 |      1 |    68 |
|  16.5 <>  17.0 |      2 |   603 |
|  17.0 <>  17.5 |     13 |  6748 |
|  17.5 <>  18.0 |     11 |  5710 |
|  18.0 <>  18.5 |     35 | 21605 |
|  18.5 <>  19.0 |    113 | 16954 |
|  19.0 <>  19.5 |     27 | 15001 |
|  19.5 <>  20.0 |     65 | 28022 |
|  20.0 <>  20.5 |     50 | 17546 |
|  20.5 <>  21.0 |     72 | 43530 |
|  21.0 <>  21.5 |    140 | 74437 |
|  21.5 <>  22.0 |     67 | 43768 |
|  22.0 <>  22.5 |     64 | 33529 |
|  22.5 <>  23.0 |     45 | 29359 |
|  23.0 <>  23.5 |     20 |  6162 |
|  23.5 <>  24.0 |     45 | 10732 |
|  24.0 <>  24.5 |     19 |  4591 |
|  24.5 <>  25.0 |     24 |  5086 |
|  25.0 <>  25.5 |     28 |  9762 |
|  25.5 <>  26.0 |     27 |  9228 |
|  26.0 <>  26.5 |     23 | 10694 |
|  26.5 <>  27.0 |     20 |  5766 |
|  27.0 <>  27.5 |      9 |  2382 |
|  27.5 <>  28.0 |      1 |    76 |
|  28.0 <>  28.5 |     22 |  4663 |
|  28.5 <>  29.0 |     12 |  4817 |
|  29.0 <>  29.5 |      1 |    68 |
|  29.5 <>  30.0 |     34 |  7161 |
|  30.0 <>  30.5 |      6 |  1921 |
|  30.5 <>  31.0 |     47 | 19734 |
|  31.0 <>  31.5 |     49 | 28963 |
|  31.5 <>  32.0 |     86 | 45078 |
|  32.0 <>  32.5 |    143 | 84464 |
|  32.5 <>  33.0 |    137 | 76688 |
|  33.0 <>  33.5 |     38 | 20065 |
|  33.5 <>  34.0 |     39 | 20605 |
|  34.0 <>  34.5 |     50 | 30262 |
|  34.5 <>  35.0 |     46 | 26022 |
|  35.0 <>  35.5 |     37 | 20110 |
|  35.5 <>  36.0 |     67 | 32077 |
|  36.0 <>  36.5 |      4 |   492 |
|  36.5 <>  37.0 |    105 | 44238 |
|  37.0 <>  37.5 |     88 | 43658 |
|  37.5 <>  38.0 |     24 |  7954 |
|  38.0 <>  38.5 |     10 |  4957 |
|  38.5 <>  39.0 |     74 | 19335 |
|  39.0 <>  39.5 |     79 | 50291 |
|  39.5 <>  40.0 |     23 |  9116 |
|  40.0 <>  40.5 |      4 |  1640 |
|  40.5 <>  41.0 |     23 | 13466 |
|  41.0 <>  41.5 |      1 |    68 |
|  41.5 <>  42.0 |     19 |  1295 |
|  42.0 <>  42.5 |     34 |  4049 |
|  42.5 <>  43.0 |      3 |   411 |
|  43.0 <>  43.5 |      8 |  4380 |
|  43.5 <>  44.0 |      5 |  1165 |
|  44.0 <>  44.5 |      5 |   849 |
|  44.5 <>  45.0 |      1 |   105 |
|  45.0 <>  45.5 |      2 |   173 |
|  45.5 <>  46.0 |     12 |  2426 |
|  46.0 <>  46.5 |     17 | 11514 |
|  46.5 <>  47.0 |      6 |  1061 |
|  47.0 <>  47.5 |     11 |  2452 |
|  47.5 <>  48.0 |      6 |   423 |
|  48.0 <>  48.5 |      5 |   340 |
|  48.5 <>  49.0 |      1 |    69 |
|  49.0 <>  49.5 |      2 |   157 |
|  49.5 <>  50.0 |      0 |     0 |
|  50.0 <>  50.5 |      3 |   214 |
|  50.5 <>  51.0 |      4 |   272 |
|  51.0 <>  51.5 |      0 |     0 |
|  51.5 <>  52.0 |      0 |     0 |
|  52.0 <>  52.5 |      0 |     0 |
|  52.5 <>  53.0 |      3 |   406 |
|  53.0 <>  53.5 |      0 |     0 |
|  53.5 <>  54.0 |      1 |    68 |
|  54.0 <>  54.5 |      1 |    89 |
|  54.5 <>  55.0 |     10 |  2856 |
|  55.0 <>  55.5 |      0 |     0 |
|  55.5 <>  56.0 |      0 |     0 |
|  56.0 <>  56.5 |      0 |     0 |
|  56.5 <>  57.0 |      3 |   204 |
|  57.0 <>  57.5 |      0 |     0 |
|  57.5 <>  58.0 |      0 |     0 |
|  58.0 <>  58.5 |      0 |     0 |
|  58.5 <>  59.0 |      0 |     0 |
|  59.0 <>  59.5 |      0 |     0 |
|  59.5 <>  60.0 |      0 |     0 |
|  60.0 <>  60.5 |      2 |   301 |
|  60.5 <>  61.0 |      0 |     0 |
|  61.0 <>  61.5 |      0 |     0 |
|  61.5 <>  62.0 |      2 |   152 |
|  62.0 <>  62.5 |      5 |   978 |
|  62.5 <>  63.0 |      0 |     0 |
|  63.0 <>  63.5 |      5 |   524 |
|  63.5 <>  64.0 |      1 |    68 |
|  64.0 <>  64.5 |      3 |   204 |
|  64.5 <>  65.0 |      1 |    68 |
|  65.0 <>  65.5 |      0 |     0 |
|  65.5 <>  66.0 |      0 |     0 |
|  66.0 <>  66.5 |      0 |     0 |
|  66.5 <>  67.0 |      1 |    89 |
|  67.0 <>  67.5 |      1 |    68 |
|  67.5 <>  68.0 |      0 |     0 |
|  68.0 <>  68.5 |     11 |  2932 |
|  68.5 <>  69.0 |      4 |  1784 |
|  69.0 <>  69.5 |      1 |    68 |
|  69.5 <>  70.0 |      0 |     0 |
|  70.0 <>  70.5 |      1 |    68 |
|  70.5 <>  71.0 |      2 |   136 |
|  71.0 <>  71.5 |      0 |     0 |
|  71.5 <>  72.0 |      0 |     0 |
|  72.0 <>  72.5 |      0 |     0 |
|  72.5 <>  73.0 |      0 |     0 |
|  73.0 <>  73.5 |      0 |     0 |
|  73.5 <>  74.0 |      1 |    56 |
|  74.0 <>  74.5 |      6 |   472 |
|  74.5 <>  75.0 |      0 |     0 |
|  75.0 <>  75.5 |      1 |    68 |
|  75.5 <>  76.0 |      0 |     0 |
|  76.0 <>  76.5 |      0 |     0 |
|  76.5 <>  77.0 |      2 |   152 |
|  77.0 <>  77.5 |      5 |   978 |
|  77.5 <>  78.0 |      5 |   524 |
|  78.0 <>  78.5 |      1 |    68 |
|  78.5 <>  79.0 |      2 |   136 |
|  79.0 <>  79.5 |      1 |    68 |
|  79.5 <>  80.0 |      2 |   124 |
|  80.0 <>  80.5 |      1 |    76 |
|  80.5 <>  81.0 |      4 |  1947 |
|  81.0 <>  81.5 |      0 |     0 |
|  81.5 <>  82.0 |      0 |     0 |
|  82.0 <>  82.5 |      0 |     0 |
|  82.5 <>  83.0 |      4 |   628 |
|  83.0 <>  83.5 |      0 |     0 |
|  83.5 <>  84.0 |      0 |     0 |
|  84.0 <>  84.5 |      0 |     0 |
|  84.5 <>  85.0 |      1 |    68 |
|  85.0 <>  85.5 |      2 |   136 |
|  85.5 <>  86.0 |      0 |     0 |
|  86.0 <>  86.5 |      0 |     0 |
|  86.5 <>  87.0 |      0 |     0 |
|  87.0 <>  87.5 |      0 |     0 |
|  87.5 <>  88.0 |      0 |     0 |
|  88.0 <>  88.5 |      0 |     0 |
|  88.5 <>  89.0 |      0 |     0 |
|  89.0 <>  89.5 |      0 |     0 |
|  89.5 <>  90.0 |      0 |     0 |
|  90.0 <>  90.5 |      0 |     0 |
|  90.5 <>  91.0 |      0 |     0 |
|  91.0 <>  91.5 |      0 |     0 |
|  91.5 <>  92.0 |      2 |   152 |
|  92.0 <>  92.5 |      5 |   975 |
|  92.5 <>  93.0 |      0 |     0 |
|  93.0 <>  93.5 |      5 |   524 |
|  93.5 <>  94.0 |      1 |    68 |
|  94.0 <>  94.5 |      3 |   204 |
|  94.5 <>  95.0 |      1 |    68 |
|  95.0 <>  95.5 |     11 |  2945 |
|  95.5 <>  96.0 |      0 |     0 |
|  96.0 <>  96.5 |      0 |     0 |
|  96.5 <>  97.0 |      0 |     0 |
|  97.0 <>  97.5 |      3 |   204 |
|  97.5 <>  98.0 |      0 |     0 |
|  98.0 <>  98.5 |      0 |     0 |
|  98.5 <>  99.0 |      0 |     0 |
|  99.0 <>  99.5 |      0 |     0 |
|  99.5 <> 100.0 |      0 |     0 |
| 100.0 <> 100.5 |      0 |     0 |
| 100.5 <> 101.0 |      0 |     0 |
| 101.0 <> 101.5 |      0 |     0 |
| 101.5 <> 102.0 |      0 |     0 |
| 102.0 <> 102.5 |      0 |     0 |
| 102.5 <> 103.0 |      0 |     0 |
| 103.0 <> 103.5 |      0 |     0 |
| 103.5 <> 104.0 |      0 |     0 |
| 104.0 <> 104.5 |      0 |     0 |
| 104.5 <> 105.0 |      0 |     0 |
| 105.0 <> 105.5 |      0 |     0 |
| 105.5 <> 106.0 |      0 |     0 |
| 106.0 <> 106.5 |      0 |     0 |
| 106.5 <> 107.0 |      0 |     0 |
| 107.0 <> 107.5 |      1 |    89 |
| 107.5 <> 108.0 |      0 |     0 |
| 108.0 <> 108.5 |      0 |     0 |
| 108.5 <> 109.0 |      0 |     0 |
| 109.0 <> 109.5 |      0 |     0 |
| 109.5 <> 110.0 |      6 |  2228 |
| 110.0 <> 110.5 |      4 |   628 |
| 110.5 <> 111.0 |      0 |     0 |
| 111.0 <> 111.5 |      0 |     0 |
| 111.5 <> 112.0 |      0 |     0 |
| 112.0 <> 112.5 |      3 |   204 |
| 112.5 <> 113.0 |      0 |     0 |
| 113.0 <> 113.5 |      0 |     0 |
| 113.5 <> 114.0 |      0 |     0 |
| 114.0 <> 114.5 |      0 |     0 |
| 114.5 <> 115.0 |      0 |     0 |
| 115.0 <> 115.5 |      0 |     0 |
| 115.5 <> 116.0 |      0 |     0 |
| 116.0 <> 116.5 |      0 |     0 |
| 116.5 <> 117.0 |      0 |     0 |
| 117.0 <> 117.5 |      0 |     0 |
| 117.5 <> 118.0 |      0 |     0 |
| 118.0 <> 118.5 |      0 |     0 |
| 118.5 <> 119.0 |      0 |     0 |
| 119.0 <> 119.5 |      0 |     0 |
| 119.5 <> 120.0 |      0 |     0 |
| 120.0 <> 120.5 |      0 |     0 |
| 120.5 <> 121.0 |      0 |     0 |
| 121.0 <> 121.5 |      0 |     0 |
| 121.5 <> 122.0 |      3 |   228 |
| 122.0 <> 122.5 |      1 |    89 |
| 122.5 <> 123.0 |      0 |     0 |
| 123.0 <> 123.5 |      0 |     0 |
| 123.5 <> 124.0 |      0 |     0 |
| 124.0 <> 124.5 |      2 |   281 |
| 124.5 <> 125.0 |     13 |  4708 |
| 125.0 <> 125.5 |      9 |  1152 |
| 125.5 <> 126.0 |      0 |     0 |
| 126.0 <> 126.5 |      0 |     0 |
| 126.5 <> 127.0 |      1 |    68 |
| 127.0 <> 127.5 |      0 |     0 |
| 127.5 <> 128.0 |      4 |   272 |
| 128.0 <> 128.5 |      0 |     0 |
| 128.5 <> 129.0 |      1 |    68 |
| 129.0 <> 129.5 |      0 |     0 |
| 129.5 <> 130.0 |      0 |     0 |
| 130.0 <> 130.5 |      0 |     0 |
| 130.5 <> 131.0 |      0 |     0 |
| 131.0 <> 131.5 |      0 |     0 |
| 131.5 <> 132.0 |      0 |     0 |
| 132.0 <> 132.5 |      2 |   136 |
| 132.5 <> 133.0 |      0 |     0 |
| 133.0 <> 133.5 |      0 |     0 |
| 133.5 <> 134.0 |      0 |     0 |
| 134.0 <> 134.5 |      0 |     0 |
| 134.5 <> 135.0 |      0 |     0 |
| 135.0 <> 135.5 |      0 |     0 |
| 135.5 <> 136.0 |      0 |     0 |
| 136.0 <> 136.5 |      0 |     0 |
| 136.5 <> 137.0 |      2 |   152 |
| 137.0 <> 137.5 |      1 |    76 |
| 137.5 <> 138.0 |      1 |    76 |
| 138.0 <> 138.5 |      0 |     0 |
| 138.5 <> 139.0 |      6 |  1115 |
| 139.0 <> 139.5 |      0 |     0 |
| 139.5 <> 140.0 |      2 |   152 |
| 140.0 <> 140.5 |      1 |    76 |
| 140.5 <> 141.0 |      1 |    76 |
| 141.0 <> 141.5 |      0 |     0 |
| 141.5 <> 142.0 |      0 |     0 |
| 142.0 <> 142.5 |      2 |   136 |
| 142.5 <> 143.0 |      0 |     0 |
| 143.0 <> 143.5 |      0 |     0 |
| 143.5 <> 144.0 |      0 |     0 |
| 144.0 <> 144.5 |      0 |     0 |
| 144.5 <> 145.0 |      0 |     0 |
| 145.0 <> 145.5 |      0 |     0 |
| 145.5 <> 146.0 |      3 |   208 |
| 146.0 <> 146.5 |      1 |    76 |
| 146.5 <> 147.0 |      1 |    76 |
| 147.0 <> 147.5 |      0 |     0 |
| 147.5 <> 148.0 |      0 |     0 |
| 148.0 <> 148.5 |      0 |     0 |
| 148.5 <> 149.0 |      0 |     0 |
| 149.0 <> 149.5 |     13 |  2571 |
| 149.5 <> 150.0 |      9 |  1289 |
| 150.0 <> 150.5 |      0 |     0 |
| 150.5 <> 151.0 |      0 |     0 |
| 151.0 <> 151.5 |      1 |    68 |
| 151.5 <> 152.0 |      1 |   687 |
| 152.0 <> 152.5 |      0 |     0 |
| 152.5 <> 153.0 |      6 |   468 |
| 153.0 <> 153.5 |      0 |     0 |
| 153.5 <> 154.0 |      0 |     0 |
| 154.0 <> 154.5 |      7 |   524 |
| 154.5 <> 155.0 |      4 |   312 |
| 155.0 <> 155.5 |      0 |     0 |
| 155.5 <> 156.0 |      0 |     0 |
| 156.0 <> 156.5 |      0 |     0 |
| 156.5 <> 157.0 |      0 |     0 |
| 157.0 <> 157.5 |      0 |     0 |
| 157.5 <> 158.0 |      0 |     0 |
| 158.0 <> 158.5 |      0 |     0 |
| 158.5 <> 159.0 |      0 |     0 |
| 159.0 <> 159.5 |      2 |   156 |
| 159.5 <> 160.0 |      4 |   628 |
| 160.0 <> 160.5 |      2 |   156 |
| 160.5 <> 161.0 |      7 |   660 |
| 161.0 <> 161.5 |      0 |     0 |
| 161.5 <> 162.0 |      3 |   204 |
| 162.0 <> 162.5 |      0 |     0 |
| 162.5 <> 163.0 |      0 |     0 |
| 163.0 <> 163.5 |      0 |     0 |
| 163.5 <> 164.0 |      0 |     0 |
| 164.0 <> 164.5 |      0 |     0 |
| 164.5 <> 165.0 |      0 |     0 |
| 165.0 <> 165.5 |      0 |     0 |
| 165.5 <> 166.0 |      0 |     0 |
| 166.0 <> 166.5 |      0 |     0 |
| 166.5 <> 167.0 |      0 |     0 |
| 167.0 <> 167.5 |      1 |    56 |
| 167.5 <> 168.0 |      0 |     0 |
| 168.0 <> 168.5 |      1 |    76 |
| 168.5 <> 169.0 |      0 |     0 |
| 169.0 <> 169.5 |      0 |     0 |
| 169.5 <> 170.0 |      0 |     0 |
| 170.0 <> 170.5 |      0 |     0 |
| 170.5 <> 171.0 |      0 |     0 |
| 171.0 <> 171.5 |      1 |    76 |
| 171.5 <> 172.0 |      1 |    89 |
| 172.0 <> 172.5 |      0 |     0 |
| 172.5 <> 173.0 |      1 |    56 |
| 173.0 <> 173.5 |      0 |     0 |
| 173.5 <> 174.0 |      0 |     0 |
| 174.0 <> 174.5 |      0 |     0 |
| 174.5 <> 175.0 |      2 |   112 |
| 175.0 <> 175.5 |     16 |  3075 |
| 175.5 <> 176.0 |      0 |     0 |
| 176.0 <> 176.5 |      0 |     0 |
| 176.5 <> 177.0 |      0 |     0 |
| 177.0 <> 177.5 |      2 |   310 |
| 177.5 <> 178.0 |      2 |   136 |
| 178.0 <> 178.5 |      0 |     0 |
| 178.5 <> 179.0 |      0 |     0 |
| 179.0 <> 179.5 |      2 |   152 |
| 179.5 <> 180.0 |      0 |     0 |
| 180.0 <> 180.5 |      2 |   322 |
| 180.5 <> 181.0 |      0 |     0 |
| 181.0 <> 181.5 |      0 |     0 |
| 181.5 <> 182.0 |      0 |     0 |
| 182.0 <> 182.5 |      2 |   152 |
| 182.5 <> 183.0 |      0 |     0 |
| 183.0 <> 183.5 |      0 |     0 |
| 183.5 <> 184.0 |      0 |     0 |
| 184.0 <> 184.5 |      0 |     0 |
| 184.5 <> 185.0 |      5 |  1110 |
| 185.0 <> 185.5 |     22 |  2975 |
| 185.5 <> 186.0 |      6 |  1132 |
| 186.0 <> 186.5 |      5 |  2007 |
| 186.5 <> 187.0 |      0 |     0 |
| 187.0 <> 187.5 |      2 |   136 |
| 187.5 <> 188.0 |      0 |     0 |
| 188.0 <> 188.5 |      2 |   156 |
| 188.5 <> 189.0 |      0 |     0 |
| 189.0 <> 189.5 |      2 |   136 |
| 189.5 <> 190.0 |      0 |     0 |
| 190.0 <> 190.5 |      0 |     0 |
| 190.5 <> 191.0 |      0 |     0 |
| 191.0 <> 191.5 |      4 |   284 |
| 191.5 <> 192.0 |      0 |     0 |
| 192.0 <> 192.5 |     67 | 42935 |
| 192.5 <> 193.0 |      0 |     0 |
| 193.0 <> 193.5 |      0 |     0 |
| 193.5 <> 194.0 |      0 |     0 |
| 194.0 <> 194.5 |      0 |     0 |
| 194.5 <> 195.0 |      0 |     0 |
| 195.0 <> 195.5 |      5 |   380 |
| 195.5 <> 196.0 |      0 |     0 |
| 196.0 <> 196.5 |      0 |     0 |
| 196.5 <> 197.0 |      0 |     0 |
| 197.0 <> 197.5 |      1 |    91 |
| 197.5 <> 198.0 |      0 |     0 |
| 198.0 <> 198.5 |      6 |  3166 |
| 198.5 <> 199.0 |      0 |     0 |
| 199.0 <> 199.5 |      0 |     0 |
| 199.5 <> 200.0 |      4 |  2045 |
| 200.0 <> 200.5 |     25 | 10307 |
| 200.5 <> 201.0 |      8 |  1025 |
| 201.0 <> 201.5 |      6 |   640 |
| 201.5 <> 202.0 |      0 |     0 |
| 202.0 <> 202.5 |      0 |     0 |
| 202.5 <> 203.0 |      0 |     0 |
| 203.0 <> 203.5 |      4 |   312 |
| 203.5 <> 204.0 |      1 |    76 |
| 204.0 <> 204.5 |      8 |   616 |
| 204.5 <> 205.0 |      2 |   156 |
| 205.0 <> 205.5 |      0 |     0 |
| 205.5 <> 206.0 |      0 |     0 |
| 206.0 <> 206.5 |      0 |     0 |
| 206.5 <> 207.0 |      0 |     0 |
| 207.0 <> 207.5 |      0 |     0 |
| 207.5 <> 208.0 |     25 | 21292 |
| 208.0 <> 208.5 |      0 |     0 |
| 208.5 <> 209.0 |      9 |  3055 |
| 209.0 <> 209.5 |      0 |     0 |
| 209.5 <> 210.0 |      2 |   144 |
| 210.0 <> 210.5 |      5 |   372 |
| 210.5 <> 211.0 |      1 |    68 |
| 211.0 <> 211.5 |      1 |    68 |
| 211.5 <> 212.0 |      3 |   991 |
| 212.0 <> 212.5 |      6 |  1982 |
| 212.5 <> 213.0 |      0 |     0 |
| 213.0 <> 213.5 |     19 |  3163 |
| 213.5 <> 214.0 |     16 |  2694 |
| 214.0 <> 214.5 |      3 |   204 |
| 214.5 <> 215.0 |     46 | 33852 |
| 215.0 <> 215.5 |      1 |    68 |
| 215.5 <> 216.0 |      9 |  1389 |
| 216.0 <> 216.5 |      1 |    56 |
| 216.5 <> 217.0 |     22 | 15080 |
| 217.0 <> 217.5 |      5 |  3504 |
| 217.5 <> 218.0 |      6 |   790 |
| 218.0 <> 218.5 |     21 |  8917 |
| 218.5 <> 219.0 |     31 | 16154 |
| 219.0 <> 219.5 |      4 |   312 |
| 219.5 <> 220.0 |      1 |    68 |
| 220.0 <> 220.5 |      0 |     0 |
| 220.5 <> 221.0 |     26 | 12161 |
| 221.0 <> 221.5 |     37 | 23761 |
| 221.5 <> 222.0 |      3 |  1402 |
| 222.0 <> 222.5 |      1 |    56 |
| 222.5 <> 223.0 |      0 |     0 |
| 223.0 <> 223.5 |      5 |   716 |
| 223.5 <> 224.0 |      0 |     0 |
| 224.0 <> 224.5 |      0 |     0 |
| 224.5 <> 225.0 |      0 |     0 |
| 225.0 <> 225.5 |      2 |   136 |
| 225.5 <> 226.0 |      4 |   272 |
| 226.0 <> 226.5 |      0 |     0 |
| 226.5 <> 227.0 |      0 |     0 |
| 227.0 <> 227.5 |      0 |     0 |
| 227.5 <> 228.0 |      0 |     0 |
| 228.0 <> 228.5 |      0 |     0 |
| 228.5 <> 229.0 |     11 |  1652 |
| 229.0 <> 229.5 |      0 |     0 |
| 229.5 <> 230.0 |    100 | 32661 |
| 230.0 <> 230.5 |      1 |    89 |
| 230.5 <> 231.0 |      0 |     0 |
| 231.0 <> 231.5 |     10 |  5472 |
| 231.5 <> 232.0 |      0 |     0 |
| 232.0 <> 232.5 |      4 |  1672 |
| 232.5 <> 233.0 |     25 | 17927 |
| 233.0 <> 233.5 |      0 |     0 |
| 233.5 <> 234.0 |      2 |  1516 |
| 234.0 <> 234.5 |      2 |  1516 |
| 234.5 <> 235.0 |      8 |  4048 |
| 235.0 <> 235.5 |      1 |    89 |
| 235.5 <> 236.0 |      4 |  3032 |
| 236.0 <> 236.5 |     20 | 12841 |
| 236.5 <> 237.0 |      2 |  1303 |
| 237.0 <> 237.5 |      2 |  1516 |
| 237.5 <> 238.0 |      4 |  3032 |
| 238.0 <> 238.5 |     18 | 12208 |
| 238.5 <> 239.0 |      1 |   105 |
| 239.0 <> 239.5 |     16 | 10278 |
| 239.5 <> 240.0 |      5 |   394 |
| 240.0 <> 240.5 |      3 |  1605 |
| 240.5 <> 241.0 |     12 |  9570 |
| 241.0 <> 241.5 |      4 |  3032 |
| 241.5 <> 242.0 |     12 |  6175 |
| 242.0 <> 242.5 |      3 |  2383 |
| 242.5 <> 243.0 |      4 |  3032 |
| 243.0 <> 243.5 |      0 |     0 |
| 243.5 <> 244.0 |      0 |     0 |
| 244.0 <> 244.5 |      0 |     0 |
| 244.5 <> 245.0 |      2 |  1516 |
| 245.0 <> 245.5 |      3 |  1605 |
| 245.5 <> 246.0 |      0 |     0 |
| 246.0 <> 246.5 |      2 |  1516 |
| 246.5 <> 247.0 |      3 |  2312 |
| 247.0 <> 247.5 |      0 |     0 |
| 247.5 <> 248.0 |      0 |     0 |
| 248.0 <> 248.5 |      2 |  1516 |
| 248.5 <> 249.0 |      0 |     0 |
| 249.0 <> 249.5 |      2 |  1516 |
| 249.5 <> 250.0 |     36 |  6509 |
| 250.0 <> 250.5 |      3 |  1605 |
| 250.5 <> 251.0 |      8 |  2248 |
| 251.0 <> 251.5 |      0 |     0 |
| 251.5 <> 252.0 |      0 |     0 |
| 252.0 <> 252.5 |      0 |     0 |
| 252.5 <> 253.0 |      0 |     0 |
| 253.0 <> 253.5 |      0 |     0 |
| 253.5 <> 254.0 |      0 |     0 |
| 254.0 <> 254.5 |      1 |   796 |
| 254.5 <> 255.0 |      1 |    89 |
| 255.0 <> 255.5 |      1 |    89 |
| 255.5 <> 256.0 |      0 |     0 |
| 256.0 <> 256.5 |      2 |   901 |
| 256.5 <> 257.0 |      0 |     0 |
| 257.0 <> 257.5 |      0 |     0 |
| 257.5 <> 258.0 |      0 |     0 |
| 258.0 <> 258.5 |      0 |     0 |
| 258.5 <> 259.0 |      0 |     0 |
| 259.0 <> 259.5 |      0 |     0 |
| 259.5 <> 260.0 |      1 |    89 |
| 260.0 <> 260.5 |      1 |    89 |
| 260.5 <> 261.0 |      0 |     0 |
| 261.0 <> 261.5 |      1 |   872 |
| 261.5 <> 262.0 |      0 |     0 |
| 262.0 <> 262.5 |     11 |  8773 |
| 262.5 <> 263.0 |      0 |     0 |
| 263.0 <> 263.5 |      0 |     0 |
| 263.5 <> 264.0 |      1 |   867 |
| 264.0 <> 264.5 |      0 |     0 |
| 264.5 <> 265.0 |      1 |    89 |
| 265.0 <> 265.5 |      1 |    89 |
| 265.5 <> 266.0 |      0 |     0 |
| 266.0 <> 266.5 |      0 |     0 |
| 266.5 <> 267.0 |      0 |     0 |
| 267.0 <> 267.5 |      0 |     0 |
| 267.5 <> 268.0 |      0 |     0 |
| 268.0 <> 268.5 |      0 |     0 |
| 268.5 <> 269.0 |      0 |     0 |
| 269.0 <> 269.5 |      0 |     0 |
| 269.5 <> 270.0 |      1 |    89 |
| 270.0 <> 270.5 |      3 |   961 |
| 270.5 <> 271.0 |      0 |     0 |
| 271.0 <> 271.5 |      0 |     0 |
| 271.5 <> 272.0 |      0 |     0 |
| 272.0 <> 272.5 |      0 |     0 |
| 272.5 <> 273.0 |      0 |     0 |
| 273.0 <> 273.5 |      1 |    76 |
| 273.5 <> 274.0 |      0 |     0 |
| 274.0 <> 274.5 |      0 |     0 |
| 274.5 <> 275.0 |      1 |    89 |
| 275.0 <> 275.5 |      1 |    89 |
| 275.5 <> 276.0 |      0 |     0 |
| 276.0 <> 276.5 |      0 |     0 |
| 276.5 <> 277.0 |      1 |   796 |
| 277.0 <> 277.5 |      0 |     0 |
| 277.5 <> 278.0 |      0 |     0 |
| 278.0 <> 278.5 |      0 |     0 |
| 278.5 <> 279.0 |      0 |     0 |
| 279.0 <> 279.5 |      1 |    76 |
| 279.5 <> 280.0 |      1 |    89 |
| 280.0 <> 280.5 |      1 |    89 |
| 280.5 <> 281.0 |      0 |     0 |
| 281.0 <> 281.5 |      0 |     0 |
| 281.5 <> 282.0 |      0 |     0 |
| 282.0 <> 282.5 |      0 |     0 |
| 282.5 <> 283.0 |      0 |     0 |
| 283.0 <> 283.5 |      0 |     0 |
| 283.5 <> 284.0 |      0 |     0 |
| 284.0 <> 284.5 |      0 |     0 |
| 284.5 <> 285.0 |      1 |    89 |
| 285.0 <> 285.5 |      1 |    89 |
| 285.5 <> 286.0 |      1 |   796 |
| 286.0 <> 286.5 |      0 |     0 |
| 286.5 <> 287.0 |      0 |     0 |
| 287.0 <> 287.5 |      0 |     0 |
| 287.5 <> 288.0 |      0 |     0 |
| 288.0 <> 288.5 |      0 |     0 |
| 288.5 <> 289.0 |      0 |     0 |
| 289.0 <> 289.5 |      0 |     0 |
| 289.5 <> 290.0 |      1 |    89 |
| 290.0 <> 290.5 |      1 |    89 |
| 290.5 <> 291.0 |      1 |   796 |
| 291.0 <> 291.5 |     14 |  7120 |
| 291.5 <> 292.0 |     11 |  1524 |
| 292.0 <> 292.5 |      1 |    68 |
| 292.5 <> 293.0 |      0 |     0 |
| 293.0 <> 293.5 |      0 |     0 |
| 293.5 <> 294.0 |      0 |     0 |
| 294.0 <> 294.5 |      0 |     0 |
| 294.5 <> 295.0 |      1 |    89 |
| 295.0 <> 295.5 |      1 |    89 |
| 295.5 <> 296.0 |      0 |     0 |
| 296.0 <> 296.5 |      0 |     0 |
| 296.5 <> 297.0 |      0 |     0 |
| 297.0 <> 297.5 |      0 |     0 |
| 297.5 <> 298.0 |      0 |     0 |
| 298.0 <> 298.5 |      0 |     0 |
| 298.5 <> 299.0 |      0 |     0 |
| 299.0 <> 299.5 |      0 |     0 |
| 299.5 <> 300.0 |     30 | 14908 |
| 300.0 <> 300.5 |     11 |  1637 |
| 300.5 <> 301.0 |     11 |  1790 |
| 301.0 <> 301.5 |      0 |     0 |
| 301.5 <> 302.0 |      0 |     0 |
| 302.0 <> 302.5 |      2 |   161 |
| 302.5 <> 303.0 |      1 |   796 |
| 303.0 <> 303.5 |      0 |     0 |
| 303.5 <> 304.0 |      0 |     0 |
| 304.0 <> 304.5 |      0 |     0 |
| 304.5 <> 305.0 |      1 |    89 |
| 305.0 <> 305.5 |      1 |    89 |
| 305.5 <> 306.0 |      2 |   161 |
| 306.0 <> 306.5 |     12 |  6651 |
| 306.5 <> 307.0 |      0 |     0 |
| 307.0 <> 307.5 |      0 |     0 |
| 307.5 <> 308.0 |      0 |     0 |
| 308.0 <> 308.5 |      0 |     0 |
| 308.5 <> 309.0 |      0 |     0 |
| 309.0 <> 309.5 |      0 |     0 |
| 309.5 <> 310.0 |      1 |    89 |
| 310.0 <> 310.5 |      0 |     0 |
| 310.5 <> 311.0 |      0 |     0 |
| 311.0 <> 311.5 |      0 |     0 |
| 311.5 <> 312.0 |      0 |     0 |
| 312.0 <> 312.5 |      1 |    56 |
| 312.5 <> 313.0 |      6 |  1226 |
| 313.0 <> 313.5 |     14 |  2836 |
| 313.5 <> 314.0 |      0 |     0 |
| 314.0 <> 314.5 |     40 |  8661 |
| 314.5 <> 315.0 |     22 |  8657 |
| 315.0 <> 315.5 |     33 |  5300 |
| 315.5 <> 316.0 |     10 |  1169 |
| 316.0 <> 316.5 |      6 |  1661 |
| 316.5 <> 317.0 |      4 |   224 |
| 317.0 <> 317.5 |      1 |    56 |
| 317.5 <> 318.0 |      1 |    56 |
| 318.0 <> 318.5 |      0 |     0 |
| 318.5 <> 319.0 |      1 |    56 |
| 319.0 <> 319.5 |      2 |   261 |
| 319.5 <> 320.0 |     16 |  1229 |
| 320.0 <> 320.5 |      2 |   136 |
| 320.5 <> 321.0 |      7 |  1896 |
| 321.0 <> 321.5 |      0 |     0 |
| 321.5 <> 322.0 |      1 |    89 |
| 322.0 <> 322.5 |      0 |     0 |
| 322.5 <> 323.0 |      7 |   532 |
| 323.0 <> 323.5 |      2 |   136 |
| 323.5 <> 324.0 |      8 |  3235 |
| 324.0 <> 324.5 |     67 |  9771 |
| 324.5 <> 325.0 |     27 |  6234 |
| 325.0 <> 325.5 |     12 |  4624 |
| 325.5 <> 326.0 |     26 | 17350 |
| 326.0 <> 326.5 |     22 | 15176 |
| 326.5 <> 327.0 |      3 |   333 |
| 327.0 <> 327.5 |     31 |  7215 |
| 327.5 <> 328.0 |     91 | 49155 |
| 328.0 <> 328.5 |     53 | 41391 |
| 328.5 <> 329.0 |     28 | 16310 |
| 329.0 <> 329.5 |     23 | 14116 |
| 329.5 <> 330.0 |     55 | 32333 |
| 330.0 <> 330.5 |     20 |  5601 |
| 330.5 <> 331.0 |      8 |  1189 |
| 331.0 <> 331.5 |     34 | 18925 |
| 331.5 <> 332.0 |     12 |  5992 |
| 332.0 <> 332.5 |     21 | 13502 |
| 332.5 <> 333.0 |     11 |  1573 |
| 333.0 <> 333.5 |      8 |  1054 |
| 333.5 <> 334.0 |      3 |  1609 |
| 334.0 <> 334.5 |      6 |   445 |
| 334.5 <> 335.0 |     14 |  1079 |
| 335.0 <> 335.5 |      5 |  1777 |
| 335.5 <> 336.0 |      0 |     0 |
| 336.0 <> 336.5 |      6 |  1006 |
| 336.5 <> 337.0 |      3 |   747 |
| 337.0 <> 337.5 |      8 |   903 |
| 337.5 <> 338.0 |      0 |     0 |
| 338.0 <> 338.5 |      2 |   494 |
| 338.5 <> 339.0 |      1 |    68 |
| 339.0 <> 339.5 |      0 |     0 |
| 339.5 <> 340.0 |      0 |     0 |
| 340.0 <> 340.5 |      7 |   516 |
| 340.5 <> 341.0 |      0 |     0 |
| 341.0 <> 341.5 |      0 |     0 |
| 341.5 <> 342.0 |      6 |  1924 |
| 342.0 <> 342.5 |      0 |     0 |
| 342.5 <> 343.0 |      5 |  1868 |
| 343.0 <> 343.5 |     20 | 11742 |
| 343.5 <> 344.0 |      0 |     0 |
| 344.0 <> 344.5 |      0 |     0 |
| 344.5 <> 345.0 |      0 |     0 |
| 345.0 <> 345.5 |      3 |   204 |
| 345.5 <> 346.0 |      0 |     0 |
| 346.0 <> 346.5 |      0 |     0 |
| 346.5 <> 347.0 |      0 |     0 |
| 347.0 <> 347.5 |      0 |     0 |
| 347.5 <> 348.0 |      0 |     0 |
| 348.0 <> 348.5 |      0 |     0 |
| 348.5 <> 349.0 |      0 |     0 |
| 349.0 <> 349.5 |      2 |   112 |
| 349.5 <> 350.0 |      0 |     0 |
| 350.0 <> 350.5 |      0 |     0 |
| 350.5 <> 351.0 |      0 |     0 |
| 351.0 <> 351.5 |      0 |     0 |
| 351.5 <> 352.0 |      0 |     0 |
| 352.0 <> 352.5 |      0 |     0 |
| 352.5 <> 353.0 |      0 |     0 |
| 353.0 <> 353.5 |      0 |     0 |
| 353.5 <> 354.0 |      6 |  1115 |
| 354.0 <> 354.5 |      1 |    68 |
| 354.5 <> 355.0 |      0 |     0 |
| 355.0 <> 355.5 |      1 |    76 |
| 355.5 <> 356.0 |      1 |    76 |
| 356.0 <> 356.5 |      0 |     0 |
| 356.5 <> 357.0 |      7 |  1143 |
| 357.0 <> 357.5 |      0 |     0 |
| 357.5 <> 358.0 |      0 |     0 |
| 358.0 <> 358.5 |      0 |     0 |
| 358.5 <> 359.0 |     21 |  2437 |
| 359.0 <> 359.5 |     59 | 21315 |
| 359.5 <> 360.0 |      0 |     0 |
| 360.0 <> 360.5 |      4 |  1720 |
| 360.5 <> 361.0 |      0 |     0 |
| 361.0 <> 361.5 |     41 | 14740 |
| 361.5 <> 362.0 |     12 |  1806 |
| 362.0 <> 362.5 |      4 |   312 |
| 362.5 <> 363.0 |     14 |  5042 |
| 363.0 <> 363.5 |     16 |  1252 |
| 363.5 <> 364.0 |      2 |   156 |
| 364.0 <> 364.5 |     20 |  9174 |
| 364.5 <> 365.0 |      8 |  3977 |
| 365.0 <> 365.5 |     16 |  8030 |
| 365.5 <> 366.0 |     16 |  6851 |
| 366.0 <> 366.5 |      8 |  3362 |
| 366.5 <> 367.0 |      9 |  3917 |
| 367.0 <> 367.5 |      1 |    68 |
| 367.5 <> 368.0 |     12 |  6048 |
| 368.0 <> 368.5 |     10 |  3570 |
| 368.5 <> 369.0 |      9 |  3541 |
| 369.0 <> 369.5 |     15 |  5373 |
| 369.5 <> 370.0 |     11 |  5585 |
| 370.0 <> 370.5 |     25 | 12780 |
| 370.5 <> 371.0 |     32 | 20224 |
| 371.0 <> 371.5 |     29 | 15623 |
| 371.5 <> 372.0 |      4 |   492 |
| 372.0 <> 372.5 |     10 |  7749 |
| 372.5 <> 373.0 |     13 |  8159 |
| 373.0 <> 373.5 |     15 |  1016 |
| 373.5 <> 374.0 |     26 |  2551 |
| 374.0 <> 374.5 |     14 |   952 |
| 374.5 <> 375.0 |      4 |   312 |
| 375.0 <> 375.5 |      6 |   408 |
| 375.5 <> 376.0 |     17 |  1340 |
| 376.0 <> 376.5 |      1 |    68 |
| 376.5 <> 377.0 |      2 |   136 |
| 377.0 <> 377.5 |      1 |    68 |
| 377.5 <> 378.0 |      1 |    68 |
| 378.0 <> 378.5 |      0 |     0 |
| 378.5 <> 379.0 |      0 |     0 |
| 379.0 <> 379.5 |      0 |     0 |
| 379.5 <> 380.0 |      0 |     0 |
| 380.0 <> 380.5 |      0 |     0 |
| 380.5 <> 381.0 |      0 |     0 |
| 381.0 <> 381.5 |      0 |     0 |
| 381.5 <> 382.0 |      0 |     0 |
| 382.0 <> 382.5 |      2 |   671 |
| 382.5 <> 383.0 |      0 |     0 |
| 383.0 <> 383.5 |      0 |     0 |
| 383.5 <> 384.0 |      0 |     0 |
| 384.0 <> 384.5 |      0 |     0 |
| 384.5 <> 385.0 |      0 |     0 |
| 385.0 <> 385.5 |      1 |    76 |
| 385.5 <> 386.0 |      1 |    76 |
| 386.0 <> 386.5 |      0 |     0 |
| 386.5 <> 387.0 |      3 |   832 |
| 387.0 <> 387.5 |      8 |   736 |
| 387.5 <> 388.0 |      1 |    68 |
| 388.0 <> 388.5 |      0 |     0 |
| 388.5 <> 389.0 |      2 |   136 |
| 389.0 <> 389.8 |      1 |    68 |
===================================
