
===================================
| IO Statistics                   |
|                                 |
| Interval size: 0.5 secs         |
| Col 1: Frames and bytes         |
|---------------------------------|
|                |1               |
| Interval
| Interval       | Frames | Bytes |
|---------------------------------|
|   0.0 <>   0.5 |     28 |  6549 |
|   0.5 <>   1.0 |      0 |     0 |
|   1.0 <>   1.5 |      0 |     0 |
|   1.5 <>   2.0 |      0 |     0 |
|   2.0 <>   2.5 |      3 |   204 |
|   2.5 <>   3.0 |      2 |   310 |
|   3.0 <>   3.5 |      0 |     0 |
|   3.5 <>   4.0 |      0 |     0 |
|   4.0 <>   4.5 |      2 |   136 |
|   4.5 <>   5.0 |      0 |     0 |
|   5.0 <>   5.5 |      4 |   272 |
|   5.5 <>   6.0 |      0 |     0 |
|   6.0 <>   6.5 |      0 |     0 |
|   6.5 <>   7.0 |      0 |     0 |
|   7.0 <>   7.5 |      0 |     0 |
|   7.5 <>   8.0 |      0 |     0 |
|   8.0 <>   8.5 |      0 |     0 |
|   8.5 <>   9.0 |      2 |   152 |
|   9.0 <>   9.5 |      0 |     0 |
|   9.5 <>  10.0 |      1 |    76 |
|  10.0 <>  10.5 |     19 |  4349 |
|  10.5 <>  11.0 |     28 | 10909 |
|  11.0 <>  11.5 |     75 | 49343 |
|  11.5 <>  12.0 |     18 | 13536 |
|  12.0 <>  12.5 |      1 |    68 |
|  12.5 <>  13.0 |    104 | 49245 |
|  13.0 <>  13.5 |     37 | 22136 |
|  13.5 <>  14.0 |    137 | 84256 |
|  14.0 <>  14.5 |     50 | 32614 |
|  14.5 <>  15.0 |     73 | 38978 |
|  15.0 <>  15.5 |     38 | 31887 |
|  15.5 <>  16.0 |     61 | 47092 |
|  16.0 <>  16.5 |     18 |  8259 |
|  16.5 <>  17.0 |     36 | 21799 |
|  17.0 <>  17.5 |      1 |    68 |
|  17.5 <>  18.0 |     52 | 23780 |
|  18.0 <>  18.5 |    101 | 70576 |
|  18.5 <>  19.0 |     14 |  4489 |
|  19.0 <>  19.5 |     27 |  6564 |
|  19.5 <>  20.0 |      3 |  1116 |
|  20.0 <>  20.5 |      1 |   105 |
|  20.5 <>  21.0 |     53 |  3641 |
|  21.0 <>  21.5 |      0 |     0 |
|  21.5 <>  22.0 |      0 |     0 |
|  22.0 <>  22.5 |      0 |     0 |
|  22.5 <>  23.0 |      5 |   340 |
|  23.0 <>  23.5 |      4 |   272 |
|  23.5 <>  24.0 |      0 |     0 |
|  24.0 <>  24.5 |      0 |     0 |
|  24.5 <>  25.0 |      1 |    89 |
|  25.0 <>  25.5 |      4 |   433 |
|  25.5 <>  26.0 |      3 |  1132 |
|  26.0 <>  26.5 |      6 |  2264 |
|  26.5 <>  27.0 |      9 |  1680 |
|  27.0 <>  27.5 |      0 |     0 |
|  27.5 <>  28.0 |      0 |     0 |
|  28.0 <>  28.5 |      0 |     0 |
|  28.5 <>  29.0 |      1 |    68 |
|  29.0 <>  29.5 |      2 |   136 |
|  29.5 <>  30.0 |      0 |     0 |
|  30.0 <>  30.5 |      0 |     0 |
|  30.5 <>  31.0 |      2 |   136 |
|  31.0 <>  31.5 |      0 |     0 |
|  31.5 <>  32.0 |      4 |   272 |
|  32.0 <>  32.5 |      0 |     0 |
|  32.5 <>  33.0 |      0 |     0 |
|  33.0 <>  33.5 |      0 |     0 |
|  33.5 <>  34.0 |      0 |     0 |
|  34.0 <>  34.5 |      0 |     0 |
|  34.5 <>  35.0 |      0 |     0 |
|  35.0 <>  35.5 |      0 |     0 |
|  35.5 <>  36.0 |      0 |     0 |
|  36.0 <>  36.5 |      0 |     0 |
|  36.5 <>  37.0 |      0 |     0 |
|  37.0 <>  37.5 |      0 |     0 |
|  37.5 <>  38.0 |      0 |     0 |
|  38.0 <>  38.5 |      0 |     0 |
|  38.5 <>  39.0 |      1 |    89 |
|  39.0 <>  39.5 |      0 |     0 |
|  39.5 <>  40.0 |      0 |     0 |
|  40.0 <>  40.5 |      0 |     0 |
|  40.5 <>  41.0 |      0 |     0 |
|  41.0 <>  41.5 |      0 |     0 |
|  41.5 <>  42.0 |     13 |  3829 |
|  42.0 <>  42.5 |      6 |  1120 |
|  42.5 <>  43.0 |      3 |   560 |
|  43.0 <>  43.5 |      0 |     0 |
|  43.5 <>  44.0 |      1 |  1018 |
|  44.0 <>  44.5 |      1 |    68 |
|  44.5 <>  45.0 |      0 |     0 |
|  45.0 <>  45.5 |      0 |     0 |
|  45.5 <>  46.0 |      0 |     0 |
|  46.0 <>  46.5 |      2 |   136 |
|  46.5 <>  47.0 |      0 |     0 |
|  47.0 <>  47.5 |      0 |     0 |
|  47.5 <>  48.0 |     36 |  8373 |
|  48.0 <>  48.5 |      3 |   560 |
|  48.5 <>  49.0 |     39 | 20516 |
|  49.0 <>  49.5 |      2 |  1282 |
|  49.5 <>  50.0 |     27 | 14446 |
|  50.0 <>  50.5 |     19 | 11009 |
|  50.5 <>  51.0 |     35 | 23806 |
|  51.0 <>  51.5 |      4 |   931 |
|  51.5 <>  52.0 |     17 |  3265 |
|  52.0 <>  52.5 |      8 |  4925 |
|  52.5 <>  53.0 |     18 |  3503 |
|  53.0 <>  53.5 |     39 | 17492 |
|  53.5 <>  54.0 |     65 | 45728 |
|  54.0 <>  54.5 |     22 | 13314 |
|  54.5 <>  55.0 |     46 | 26343 |
|  55.0 <>  55.5 |     12 |  3924 |
|  55.5 <>  56.0 |     13 |  2142 |
|  56.0 <>  56.5 |      0 |     0 |
|  56.5 <>  57.0 |      0 |     0 |
|  57.0 <>  57.5 |      0 |     0 |
|  57.5 <>  58.0 |     24 |  1632 |
|  58.0 <>  58.5 |      0 |     0 |
|  58.5 <>  59.0 |      0 |     0 |
|  59.0 <>  59.5 |      0 |     0 |
|  59.5 <>  60.0 |      3 |   204 |
|  60.0 <>  60.5 |      1 |    76 |
|  60.5 <>  61.0 |      1 |    76 |
|  61.0 <>  61.5 |      0 |     0 |
|  61.5 <>  62.0 |      0 |     0 |
|  62.0 <>  62.5 |      5 |  1276 |
|  62.5 <>  63.0 |      4 |   636 |
|  63.0 <>  63.5 |      5 |   507 |
|  63.5 <>  64.0 |      2 |   148 |
|  64.0 <>  64.5 |      5 |  1840 |
|  64.5 <>  65.0 |      1 |    68 |
|  65.0 <>  65.5 |      3 |   378 |
|  65.5 <>  66.0 |      1 |    68 |
|  66.0 <>  66.5 |      3 |   204 |
|  66.5 <>  67.0 |      0 |     0 |
|  67.0 <>  67.5 |      0 |     0 |
|  67.5 <>  68.0 |      0 |     0 |
|  68.0 <>  68.5 |      0 |     0 |
|  68.5 <>  69.0 |      0 |     0 |
|  69.0 <>  69.5 |      0 |     0 |
|  69.5 <>  70.0 |      0 |     0 |
|  70.0 <>  70.5 |      0 |     0 |
|  70.5 <>  71.0 |      0 |     0 |
|  71.0 <>  71.5 |      4 |   301 |
|  71.5 <>  72.0 |      1 |    76 |
|  72.0 <>  72.5 |      8 |  1499 |
|  72.5 <>  73.0 |      6 |   998 |
|  73.0 <>  73.5 |      3 |   490 |
|  73.5 <>  74.0 |      0 |     0 |
|  74.0 <>  74.5 |      3 |   204 |
|  74.5 <>  75.0 |      0 |     0 |
|  75.0 <>  75.5 |      0 |     0 |
|  75.5 <>  76.0 |      0 |     0 |
|  76.0 <>  76.5 |      3 |   225 |
|  76.5 <>  77.0 |      0 |     0 |
|  77.0 <>  77.5 |      0 |     0 |
|  77.5 <>  78.0 |      9 |  1053 |
|  78.0 <>  78.5 |     18 |  5632 |
|  78.5 <>  79.0 |     38 | 26245 |
|  79.0 <>  79.5 |     82 | 53693 |
|  79.5 <>  80.0 |    144 | 74318 |
|  80.0 <>  80.5 |     72 | 52626 |
|  80.5 <>  81.0 |     12 |  4284 |
|  81.0 <>  81.5 |     39 | 24492 |
|  81.5 <>  82.0 |    127 | 46742 |
|  82.0 <>  82.5 |     88 | 46280 |
|  82.5 <>  83.0 |     51 | 33886 |
|  83.0 <>  83.5 |     59 | 10460 |
|  83.5 <>  84.0 |      4 |   272 |
|  84.0 <>  84.5 |      0 |     0 |
|  84.5 <>  85.0 |      0 |     0 |
|  85.0 <>  85.5 |     21 |  1428 |
|  85.5 <>  86.0 |     42 |  2856 |
|  86.0 <>  86.5 |      0 |     0 |
|  86.5 <>  87.0 |      0 |     0 |
|  87.0 <>  87.5 |      0 |     0 |
|  87.5 <>  88.0 |      0 |     0 |
|  88.0 <>  88.5 |      1 |    80 |
|  88.5 <>  89.0 |      0 |     0 |
|  89.0 <>  89.5 |      0 |     0 |
|  89.5 <>  90.0 |      0 |     0 |
|  90.0 <>  90.5 |      7 |  1304 |
|  90.5 <>  91.0 |      4 |   308 |
|  91.0 <>  91.5 |      1 |   653 |
|  91.5 <>  92.0 |     32 | 10340 |
|  92.0 <>  92.5 |     49 | 24989 |
|  92.5 <>  93.0 |    144 | 63395 |
|  93.0 <>  93.5 |    132 | 77396 |
|  93.5 <>  94.0 |     28 | 14026 |
|  94.0 <>  94.5 |      5 |  1447 |
|  94.5 <>  95.0 |      0 |     0 |
|  95.0 <>  95.5 |      2 |  1227 |
|  95.5 <>  96.0 |     40 | 15352 |
|  96.0 <>  96.5 |      5 |  1359 |
|  96.5 <>  97.0 |     14 |  6724 |
|  97.0 <>  97.5 |     56 | 31120 |
|  97.5 <>  98.0 |    163 | 72998 |
|  98.0 <>  98.5 |     34 | 13419 |
|  98.5 <>  99.0 |     10 |  3541 |
|  99.0 <>  99.5 |     43 | 13648 |
|  99.5 <> 100.0 |     65 | 18230 |
| 100.0 <> 100.5 |     49 | 14094 |
| 100.5 <> 101.0 |    114 | 55761 |
| 101.0 <> 101.5 |     95 | 61624 |
| 101.5 <> 102.0 |     30 | 22500 |
| 102.0 <> 102.5 |     39 | 23637 |
| 102.5 <> 103.0 |     24 | 12336 |
| 103.0 <> 103.5 |     80 | 33424 |
| 103.5 <> 104.0 |     37 | 14127 |
| 104.0 <> 104.5 |     35 |  4029 |
| 104.5 <> 105.0 |     21 | 19595 |
| 105.0 <> 105.5 |     67 | 39687 |
| 105.5 <> 106.0 |    117 | 60126 |
| 106.0 <> 106.5 |     96 | 39739 |
| 106.5 <> 107.0 |      6 |  1415 |
| 107.0 <> 107.5 |     14 | 11343 |
| 107.5 <> 108.0 |      0 |     0 |
| 108.0 <> 108.5 |     72 | 38761 |
| 108.5 <> 109.0 |      6 |  2846 |
| 109.0 <> 109.5 |      4 |  1104 |
| 109.5 <> 110.0 |     26 |  1732 |
| 110.0 <> 110.5 |      6 |   445 |
| 110.5 <> 111.0 |      4 |   280 |
| 111.0 <> 111.5 |      0 |     0 |
| 111.5 <> 112.0 |      2 |   767 |
| 112.0 <> 112.5 |     14 |  2337 |
| 112.5 <> 113.0 |      5 |  1338 |
| 113.0 <> 113.5 |      8 |  1206 |
| 113.5 <> 114.0 |      4 |   280 |
| 114.0 <> 114.5 |      4 |   287 |
| 114.5 <> 115.0 |     20 |  2794 |
| 115.0 <> 115.5 |      0 |     0 |
| 115.5 <> 116.0 |      7 |   548 |
| 116.0 <> 116.5 |      0 |     0 |
| 116.5 <> 117.0 |      8 |  1407 |
| 117.0 <> 117.5 |     44 | 15062 |
===================================
