
====================================
| IO Statistics                    |
|                                  |
| Interval size: 0.5 secs          |
| Col 1: Frames and bytes          |
|----------------------------------|
|                |1                |
| Interval
| Interval       | Frames |  Bytes |
|----------------------------------|
|   0.0 <>   0.5 |     21 |   3255 |
|   0.5 <>   1.0 |     39 |  18338 |
|   1.0 <>   1.5 |    140 |  72704 |
|   1.5 <>   2.0 |    168 | 117222 |
|   2.0 <>   2.5 |     37 |  18335 |
|   2.5 <>   3.0 |     51 |  27712 |
|   3.0 <>   3.5 |     52 |  29820 |
|   3.5 <>   4.0 |      0 |      0 |
|   4.0 <>   4.5 |     12 |    816 |
|   4.5 <>   5.0 |     18 |   1224 |
|   5.0 <>   5.5 |      0 |      0 |
|   5.5 <>   6.0 |      0 |      0 |
|   6.0 <>   6.5 |     10 |    668 |
|   6.5 <>   7.0 |      9 |    588 |
|   7.0 <>   7.5 |      0 |      0 |
|   7.5 <>   8.0 |      0 |      0 |
|   8.0 <>   8.5 |      3 |    672 |
|   8.5 <>   9.0 |      6 |   1280 |
|   9.0 <>   9.5 |      0 |      0 |
|   9.5 <>  10.0 |      0 |      0 |
|  10.0 <>  10.5 |      0 |      0 |
|  10.5 <>  11.0 |      3 |    204 |
|  11.0 <>  11.5 |      0 |      0 |
|  11.5 <>  12.0 |      0 |      0 |
|  12.0 <>  12.5 |      0 |      0 |
|  12.5 <>  13.0 |      0 |      0 |
|  13.0 <>  13.5 |      1 |     76 |
|  13.5 <>  14.0 |      3 |    363 |
|  14.0 <>  14.5 |      1 |     68 |
|  14.5 <>  15.0 |      0 |      0 |
|  15.0 <>  15.5 |      0 |      0 |
|  15.5 <>  16.0 |      0 |      0 |
|  16.0 <>  16.5 |      2 |    310 |
|  16.5 <>  17.0 |     24 |   4683 |
|  17.0 <>  17.5 |    139 |  83543 |
|  17.5 <>  18.0 |    241 | 141929 |
|  18.0 <>  18.5 |     89 |  61970 |
|  18.5 <>  19.0 |     14 |   2701 |
|  19.0 <>  19.5 |    236 | 134161 |
|  19.5 <>  20.0 |     54 |  12478 |
|  20.0 <>  20.5 |     79 |  30853 |
|  20.5 <>  21.0 |    188 |  99187 |
|  21.0 <>  21.5 |    172 | 109482 |
|  21.5 <>  22.0 |    143 |  97402 |
|  22.0 <>  22.5 |     34 |  12969 |
|  22.5 <>  23.0 |     23 |   4937 |
|  23.0 <>  23.5 |     56 |  14749 |
|  23.5 <>  24.0 |     67 |  16801 |
|  24.0 <>  24.5 |     45 |  16906 |
|  24.5 <>  25.0 |    203 | 125833 |
|  25.0 <>  25.5 |    220 | 120541 |
|  25.5 <>  26.0 |     85 |  42291 |
|  26.0 <>  26.5 |     40 |  17376 |
|  26.5 <>  27.0 |    101 |  48920 |
|  27.0 <>  27.5 |     28 |  17337 |
|  27.5 <>  28.0 |     86 |  18738 |
|  28.0 <>  28.5 |      1 |     68 |
|  28.5 <>  29.0 |      3 |    204 |
|  29.0 <>  29.5 |      6 |    408 |
|  29.5 <>  30.0 |     58 |  33180 |
|  30.0 <>  30.5 |     74 |  42034 |
|  30.5 <>  31.0 |    171 |  74890 |
|  31.0 <>  31.5 |    237 | 132525 |
|  31.5 <>  32.0 |      3 |   1026 |
|  32.0 <>  32.5 |      9 |   1118 |
|  32.5 <>  33.0 |      1 |    105 |
|  33.0 <>  33.5 |      2 |    173 |
|  33.5 <>  34.0 |      0 |      0 |
|  34.0 <>  34.5 |     83 |   5644 |
|  34.5 <>  35.0 |      2 |    136 |
|  35.0 <>  35.5 |      0 |      0 |
|  35.5 <>  36.0 |      4 |    439 |
|  36.0 <>  36.5 |      1 |     68 |
|  36.5 <>  37.0 |     11 |   3084 |
|  37.0 <>  37.5 |      0 |      0 |
|  37.5 <>  38.0 |      0 |      0 |
|  38.0 <>  38.5 |      5 |    514 |
|  38.5 <>  39.0 |      1 |     68 |
|  39.0 <>  39.5 |      2 |    136 |
|  39.5 <>  40.0 |      0 |      0 |
|  40.0 <>  40.5 |      1 |     77 |
|  40.5 <>  41.0 |      0 |      0 |
|  41.0 <>  41.5 |      0 |      0 |
|  41.5 <>  42.0 |      2 |    169 |
|  42.0 <>  42.5 |      4 |   2223 |
|  42.5 <>  43.0 |      0 |      0 |
|  43.0 <>  43.5 |      2 |    112 |
|  43.5 <>  44.0 |      7 |    851 |
|  44.0 <>  44.5 |      2 |    263 |
|  44.5 <>  45.0 |      4 |   2219 |
|  45.0 <>  45.5 |      2 |    136 |
|  45.5 <>  46.0 |     27 |  14647 |
|  46.0 <>  46.5 |     54 |  32314 |
|  46.5 <>  47.0 |     95 |  64911 |
|  47.0 <>  47.5 |     60 |  53095 |
|  47.5 <>  48.0 |     92 |  53499 |
|  48.0 <>  48.5 |    100 |  61551 |
|  48.5 <>  49.0 |     63 |  37426 |
|  49.0 <>  49.5 |     23 |  11930 |
|  49.5 <>  50.0 |      0 |      0 |
|  50.0 <>  50.5 |      0 |      0 |
|  50.5 <>  51.0 |      0 |      0 |
|  51.0 <>  51.5 |      0 |      0 |
|  51.5 <>  52.0 |     23 |   1552 |
|  52.0 <>  52.5 |     22 |   1472 |
|  52.5 <>  53.0 |      0 |      0 |
|  53.0 <>  53.5 |      0 |      0 |
|  53.5 <>  54.0 |      0 |      0 |
|  54.0 <>  54.5 |      5 |    507 |
|  54.5 <>  55.0 |      0 |      0 |
|  55.0 <>  55.5 |      0 |      0 |
|  55.5 <>  56.0 |      0 |      0 |
|  56.0 <>  56.5 |      0 |      0 |
|  56.5 <>  57.0 |      3 |    378 |
|  57.0 <>  57.5 |      3 |    212 |
|  57.5 <>  58.0 |      5 |   2265 |
|  58.0 <>  58.5 |      2 |    116 |
|  58.5 <>  59.0 |      0 |      0 |
|  59.0 <>  59.5 |     12 |   6145 |
|  59.5 <>  60.0 |     57 |  37281 |
|  60.0 <>  60.5 |    189 | 118954 |
|  60.5 <>  61.0 |     66 |  51190 |
|  61.0 <>  61.5 |      0 |      0 |
|  61.5 <>  62.0 |      1 |     68 |
|  62.0 <>  62.5 |      9 |    676 |
|  62.5 <>  63.0 |      0 |      0 |
|  63.0 <>  63.5 |      0 |      0 |
|  63.5 <>  64.0 |     10 |    668 |
|  64.0 <>  64.5 |      7 |    481 |
|  64.5 <>  65.0 |      7 |    476 |
|  65.0 <>  65.5 |     36 |   2616 |
|  65.5 <>  66.0 |     34 |  21297 |
|  66.0 <>  66.5 |     17 |   7144 |
|  66.5 <>  67.0 |     48 |  26203 |
|  67.0 <>  67.5 |    121 |  76385 |
|  67.5 <>  68.0 |    333 | 154769 |
|  68.0 <>  68.5 |    506 | 343586 |
|  68.5 <>  69.0 |    292 | 234347 |
|  69.0 <>  69.5 |     45 |  25930 |
|  69.5 <>  70.0 |     94 |  37680 |
|  70.0 <>  70.5 |    145 |  71670 |
|  70.5 <>  71.0 |    138 |  37581 |
|  71.0 <>  71.5 |    170 |  99141 |
|  71.5 <>  72.0 |    666 | 492839 |
|  72.0 <>  72.5 |    490 | 427959 |
|  72.5 <>  73.0 |    327 | 262943 |
|  73.0 <>  73.5 |    357 | 292737 |
|  73.5 <>  74.0 |    145 | 124950 |
|  74.0 <>  74.5 |    118 | 104354 |
|  74.5 <>  75.0 |    137 | 111326 |
|  75.0 <>  75.5 |    216 | 138318 |
|  75.5 <>  76.0 |     30 |   7657 |
|  76.0 <>  76.5 |     15 |   1906 |
|  76.5 <>  77.0 |     48 |   7425 |
|  77.0 <>  77.5 |     32 |   5312 |
|  77.5 <>  78.0 |     32 |   5107 |
|  78.0 <>  78.5 |      3 |    672 |
|  78.5 <>  79.0 |     22 |   2454 |
|  79.0 <>  79.5 |      5 |    755 |
|  79.5 <>  80.0 |     15 |   1099 |
|  80.0 <>  80.5 |    135 |  67484 |
|  80.5 <>  81.0 |     12 |   5916 |
|  81.0 <>  81.5 |      5 |    439 |
|  81.5 <>  82.0 |      5 |   1018 |
|  82.0 <>  82.5 |      5 |    524 |
|  82.5 <>  83.0 |     24 |   1608 |
|  83.0 <>  83.5 |      6 |    360 |
|  83.5 <>  84.0 |      0 |      0 |
|  84.0 <>  84.5 |      0 |      0 |
|  84.5 <>  85.0 |      7 |    476 |
|  85.0 <>  85.5 |      1 |     68 |
|  85.5 <>  86.0 |      0 |      0 |
|  86.0 <>  86.5 |      0 |      0 |
|  86.5 <>  87.0 |      0 |      0 |
|  87.0 <>  87.5 |      0 |      0 |
|  87.5 <>  88.0 |      0 |      0 |
|  88.0 <>  88.5 |      4 |    439 |
|  88.5 <>  89.0 |      0 |      0 |
|  89.0 <>  89.5 |      1 |     68 |
|  89.5 <>  90.0 |      0 |      0 |
|  90.0 <>  90.5 |      0 |      0 |
|  90.5 <>  91.0 |      0 |      0 |
|  91.0 <>  91.5 |      2 |    310 |
|  91.5 <>  92.0 |      0 |      0 |
|  92.0 <>  92.5 |      0 |      0 |
|  92.5 <>  93.0 |      1 |     78 |
|  93.0 <>  93.5 |      2 |    287 |
|  93.5 <>  94.0 |      3 |    674 |
|  94.0 <>  94.5 |      0 |      0 |
|  94.5 <>  95.0 |     10 |   1882 |
|  95.0 <>  95.5 |      5 |    782 |
|  95.5 <>  96.0 |      4 |   1322 |
|  96.0 <>  96.5 |      9 |   4724 |
|  96.5 <>  97.0 |     57 |  17714 |
|  97.0 <>  97.5 |     92 |  40281 |
|  97.5 <>  98.0 |    129 |  77099 |
|  98.0 <>  98.5 |     85 |  40527 |
|  98.5 <>  99.0 |     50 |  32365 |
|  99.0 <>  99.5 |     38 |  30287 |
|  99.5 <> 100.0 |     27 |  14368 |
| 100.0 <> 100.5 |     65 |  14339 |
| 100.5 <> 101.0 |     28 |   2533 |
| 101.0 <> 101.5 |     11 |   2969 |
| 101.5 <> 102.0 |     43 |   8095 |
| 102.0 <> 102.5 |    281 | 216100 |
| 102.5 <> 103.0 |    238 | 210003 |
| 103.0 <> 103.5 |    187 | 159471 |
| 103.5 <> 104.0 |    267 | 222176 |
| 104.0 <> 104.5 |     50 |  47571 |
| 104.5 <> 105.0 |      5 |    316 |
| 105.0 <> 105.5 |      4 |    224 |
| 105.5 <> 106.0 |      0 |      0 |
| 106.0 <> 106.5 |      0 |      0 |
| 106.5 <> 107.0 |     21 |   1428 |
| 107.0 <> 107.5 |      0 |      0 |
| 107.5 <> 108.0 |      0 |      0 |
| 108.0 <> 108.5 |      1 |     76 |
| 108.5 <> 109.0 |      4 |    431 |
| 109.0 <> 109.5 |      0 |      0 |
| 109.5 <> 110.0 |      0 |      0 |
| 110.0 <> 110.5 |      0 |      0 |
| 110.5 <> 111.0 |      0 |      0 |
| 111.0 <> 111.5 |      0 |      0 |
| 111.5 <> 112.0 |      0 |      0 |
| 112.0 <> 112.5 |      2 |    310 |
| 112.5 <> 113.0 |      5 |    790 |
| 113.0 <> 113.5 |      0 |      0 |
| 113.5 <> 114.0 |     12 |   2001 |
| 114.0 <> 114.5 |     65 |  37892 |
| 114.5 <> 115.0 |    162 | 123587 |
| 115.0 <> 115.5 |    152 | 113775 |
| 115.5 <> 116.0 |     94 |  23789 |
| 116.0 <> 116.5 |    340 | 213015 |
| 116.5 <> 117.0 |     21 |   5333 |
| 117.0 <> 117.5 |    242 | 183391 |
| 117.5 <> 118.0 |     22 |  17199 |
| 118.0 <> 118.5 |    180 |  90383 |
| 118.5 <> 119.0 |     45 |  28416 |
| 119.0 <> 119.5 |      9 |   1664 |
| 119.5 <> 120.0 |     89 |  58537 |
| 120.0 <> 120.5 |     14 |  13023 |
| 120.5 <> 121.0 |    107 |  65745 |
| 121.0 <> 121.5 |    269 | 219196 |
| 121.5 <> 122.0 |    115 |  41553 |
| 122.0 <> 122.5 |     97 |  53498 |
| 122.5 <> 123.0 |    106 |  64792 |
| 123.0 <> 123.5 |     59 |  24597 |
| 123.5 <> 124.0 |    141 |  87891 |
| 124.0 <> 124.5 |    232 | 186103 |
| 124.5 <> 125.0 |    131 |  95844 |
| 125.0 <> 125.5 |    129 |  94754 |
| 125.5 <> 126.0 |    110 |  45319 |
| 126.0 <> 126.5 |    151 | 111161 |
| 126.5 <> 127.0 |     20 |   6421 |
| 127.0 <> 127.5 |     37 |   6088 |
| 127.5 <> 128.0 |    112 |  48398 |
| 128.0 <> 128.5 |     86 |  51884 |
| 128.5 <> 129.0 |     39 |  27276 |
| 129.0 <> 129.5 |    206 |  82647 |
| 129.5 <> 130.0 |    295 | 147358 |
| 130.0 <> 130.5 |    196 | 126140 |
| 130.5 <> 131.0 |     12 |   5825 |
| 131.0 <> 131.5 |    206 |  62098 |
| 131.5 <> 132.0 |     18 |   8815 |
| 132.0 <> 132.5 |     73 |  21808 |
| 132.5 <> 133.0 |     22 |   5751 |
| 133.0 <> 133.5 |      6 |   1147 |
| 133.5 <> 134.0 |     22 |   1476 |
| 134.0 <> 134.5 |     69 |   4335 |
| 134.5 <> 135.4 |      3 |    212 |
====================================
