
===================================
| IO Statistics                   |
|                                 |
| Interval size: 0.5 secs         |
| Col 1: Frames and bytes         |
|---------------------------------|
|                |1               |
| Interval
| Interval       | Frames | Bytes |
|---------------------------------|
|   0.0 <>   0.5 |     12 |  2031 |
|   0.5 <>   1.0 |     19 |  5532 |
|   1.0 <>   1.5 |     56 | 19638 |
|   1.5 <>   2.0 |    116 | 52901 |
|   2.0 <>   2.5 |     47 | 30588 |
|   2.5 <>   3.0 |     46 | 31692 |
|   3.0 <>   3.5 |     48 | 31381 |
|   3.5 <>   4.0 |     46 | 31868 |
|   4.0 <>   4.5 |     57 | 31355 |
|   4.5 <>   5.0 |     48 | 31656 |
|   5.0 <>   5.5 |     41 | 30418 |
|   5.5 <>   6.0 |     48 | 33111 |
|   6.0 <>   6.5 |    102 | 34977 |
|   6.5 <>   7.0 |     67 | 33727 |
|   7.0 <>   7.5 |     62 | 31435 |
|   7.5 <>   8.0 |     39 | 12880 |
|   8.0 <>   8.5 |      3 |   204 |
|   8.5 <>   9.0 |      6 |   408 |
|   9.0 <>   9.5 |      0 |     0 |
|   9.5 <>  10.0 |     14 |  2687 |
|  10.0 <>  10.5 |     53 | 28357 |
|  10.5 <>  11.0 |     27 |  1824 |
|  11.0 <>  11.5 |      0 |     0 |
|  11.5 <>  12.0 |      0 |     0 |
|  12.0 <>  12.5 |      2 |   112 |
|  12.5 <>  13.0 |      4 |   224 |
|  13.0 <>  13.5 |      0 |     0 |
|  13.5 <>  14.0 |      0 |     0 |
|  14.0 <>  14.5 |      1 |    56 |
|  14.5 <>  15.0 |      0 |     0 |
|  15.0 <>  15.5 |      1 |    56 |
|  15.5 <>  16.0 |      5 |   712 |
|  16.0 <>  16.5 |      0 |     0 |
|  16.5 <>  17.0 |      0 |     0 |
|  17.0 <>  17.5 |      0 |     0 |
|  17.5 <>  18.0 |      0 |     0 |
|  18.0 <>  18.5 |      0 |     0 |
|  18.5 <>  19.0 |      0 |     0 |
|  19.0 <>  19.5 |      0 |     0 |
|  19.5 <>  20.0 |      0 |     0 |
|  20.0 <>  20.5 |      0 |     0 |
|  20.5 <>  21.0 |      0 |     0 |
|  21.0 <>  21.5 |      0 |     0 |
|  21.5 <>  22.0 |      1 |    76 |
|  22.0 <>  22.5 |      3 |   363 |
|  22.5 <>  23.0 |      0 |     0 |
|  23.0 <>  23.5 |      1 |    68 |
|  23.5 <>  24.0 |      0 |     0 |
|  24.0 <>  24.5 |      0 |     0 |
|  24.5 <>  25.0 |      0 |     0 |
|  25.0 <>  25.5 |      6 |  1024 |
|  25.5 <>  26.0 |      4 |   799 |
|  26.0 <>  26.5 |      0 |     0 |
|  26.5 <>  27.0 |      0 |     0 |
|  27.0 <>  27.5 |      0 |     0 |
|  27.5 <>  28.0 |      3 |   204 |
|  28.0 <>  28.5 |      0 |     0 |
|  28.5 <>  29.0 |      0 |     0 |
|  29.0 <>  29.5 |      0 |     0 |
|  29.5 <>  30.0 |      0 |     0 |
|  30.0 <>  30.5 |      0 |     0 |
|  30.5 <>  31.0 |      1 |    82 |
|  31.0 <>  31.5 |      2 |   546 |
|  31.5 <>  32.0 |     19 |  6519 |
|  32.0 <>  32.5 |     46 | 31900 |
|  32.5 <>  33.0 |     73 | 38914 |
|  33.0 <>  33.5 |     65 | 31391 |
|  33.5 <>  34.0 |     60 | 37130 |
|  34.0 <>  34.5 |     63 | 32485 |
|  34.5 <>  35.0 |     57 | 32493 |
|  35.0 <>  35.5 |     55 | 33610 |
|  35.5 <>  36.0 |     60 | 31009 |
|  36.0 <>  36.5 |     22 | 10245 |
|  36.5 <>  37.0 |     35 | 16997 |
|  37.0 <>  37.5 |     37 |  5375 |
|  37.5 <>  38.0 |    114 | 55584 |
|  38.0 <>  38.5 |     49 | 30948 |
|  38.5 <>  39.0 |     52 | 30869 |
|  39.0 <>  39.5 |     51 | 32491 |
|  39.5 <>  40.0 |     47 |  8928 |
|  40.0 <>  40.5 |     75 | 32395 |
|  40.5 <>  41.0 |     85 | 24731 |
|  41.0 <>  41.5 |     28 |  7771 |
|  41.5 <>  42.0 |     45 | 19134 |
|  42.0 <>  42.5 |     51 | 20739 |
|  42.5 <>  43.0 |     75 | 41389 |
|  43.0 <>  43.5 |     68 | 39054 |
|  43.5 <>  44.0 |     57 | 32483 |
|  44.0 <>  44.5 |     48 | 32535 |
|  44.5 <>  45.0 |     37 | 26834 |
|  45.0 <>  45.5 |     42 |  7749 |
|  45.5 <>  46.0 |     40 |  9559 |
|  46.0 <>  46.5 |     40 |  9937 |
|  46.5 <>  47.0 |     37 | 17506 |
|  47.0 <>  47.5 |     44 | 19536 |
|  47.5 <>  48.0 |     49 | 33836 |
|  48.0 <>  48.5 |     47 | 14656 |
|  48.5 <>  49.0 |     31 |  8104 |
|  49.0 <>  49.5 |    125 | 53347 |
|  49.5 <>  50.0 |     58 | 29409 |
|  50.0 <>  50.5 |     60 | 30007 |
|  50.5 <>  51.0 |     45 | 31038 |
|  51.0 <>  51.5 |     60 | 35678 |
|  51.5 <>  52.0 |     90 | 35370 |
|  52.0 <>  52.5 |     80 | 34094 |
|  52.5 <>  53.0 |     59 | 33457 |
|  53.0 <>  53.5 |     53 | 33641 |
|  53.5 <>  54.0 |     46 | 30508 |
|  54.0 <>  54.5 |     75 | 35608 |
|  54.5 <>  55.0 |     73 | 33892 |
|  55.0 <>  55.5 |     43 | 31349 |
|  55.5 <>  56.0 |     95 | 36861 |
|  56.0 <>  56.5 |     48 | 22787 |
|  56.5 <>  57.0 |     47 | 29809 |
|  57.0 <>  57.5 |     54 | 21310 |
|  57.5 <>  58.0 |     39 | 21743 |
|  58.0 <>  58.5 |     36 | 29576 |
|  58.5 <>  59.0 |      9 |  1708 |
|  59.0 <>  59.5 |     44 | 10396 |
|  59.5 <>  60.0 |     14 |  3325 |
|  60.0 <>  60.5 |      7 |  1487 |
|  60.5 <>  61.0 |     31 |  3618 |
|  61.0 <>  61.5 |     15 |  5556 |
|  61.5 <>  62.0 |      0 |     0 |
|  62.0 <>  62.5 |      0 |     0 |
|  62.5 <>  63.0 |      0 |     0 |
|  63.0 <>  63.5 |      0 |     0 |
|  63.5 <>  64.0 |      6 |   408 |
|  64.0 <>  64.5 |      0 |     0 |
|  64.5 <>  65.0 |      0 |     0 |
|  65.0 <>  65.5 |      2 |   136 |
|  65.5 <>  66.0 |     11 |   748 |
|  66.0 <>  66.5 |      0 |     0 |
|  66.5 <>  67.0 |    116 | 36053 |
|  67.0 <>  67.5 |     82 | 40893 |
|  67.5 <>  68.0 |     63 | 35487 |
|  68.0 <>  68.5 |     62 | 33532 |
|  68.5 <>  69.0 |     55 | 31425 |
|  69.0 <>  69.5 |     50 | 32225 |
|  69.5 <>  70.0 |     61 | 33053 |
|  70.0 <>  70.5 |     47 | 30422 |
|  70.5 <>  71.0 |     46 | 31171 |
|  71.0 <>  71.5 |     75 | 32255 |
|  71.5 <>  72.0 |     66 | 18732 |
|  72.0 <>  72.5 |      9 |  3779 |
|  72.5 <>  73.0 |     34 | 24616 |
|  73.0 <>  73.5 |     67 | 25972 |
|  73.5 <>  74.0 |     72 | 33814 |
|  74.0 <>  74.5 |     25 | 13919 |
|  74.5 <>  75.0 |     11 |   853 |
|  75.0 <>  75.5 |     41 | 19818 |
|  75.5 <>  76.0 |     16 | 13422 |
|  76.0 <>  76.5 |      0 |     0 |
|  76.5 <>  77.0 |     21 |  1779 |
|  77.0 <>  77.5 |     10 |  1835 |
|  77.5 <>  78.0 |      9 |  2562 |
|  78.0 <>  78.5 |      2 |   136 |
|  78.5 <>  79.0 |     32 | 13913 |
|  79.0 <>  79.5 |     48 | 27138 |
|  79.5 <>  80.0 |     28 | 19945 |
|  80.0 <>  80.5 |     56 | 31005 |
|  80.5 <>  81.0 |     35 | 30717 |
|  81.0 <>  81.5 |     28 | 21056 |
|  81.5 <>  82.0 |     23 | 17980 |
|  82.0 <>  82.5 |     31 | 17545 |
|  82.5 <>  83.0 |     48 | 22913 |
|  83.0 <>  83.5 |     61 | 30823 |
|  83.5 <>  84.0 |     29 | 14642 |
|  84.0 <>  84.5 |      0 |     0 |
|  84.5 <>  85.0 |     21 | 14066 |
|  85.0 <>  85.5 |     19 | 15029 |
|  85.5 <>  86.0 |     23 |  2097 |
|  86.0 <>  86.5 |     62 | 27288 |
|  86.5 <>  87.0 |      3 |   224 |
|  87.0 <>  87.5 |     12 |   872 |
|  87.5 <>  88.0 |     22 |  2771 |
|  88.0 <>  88.5 |     30 | 10979 |
|  88.5 <>  89.0 |     30 | 10722 |
|  89.0 <>  89.5 |      4 |  2138 |
|  89.5 <>  90.0 |      0 |     0 |
|  90.0 <>  90.5 |      0 |     0 |
|  90.5 <>  91.0 |     10 |   680 |
|  91.0 <>  91.5 |      4 |   272 |
|  91.5 <>  92.0 |     16 |  1088 |
|  92.0 <>  92.5 |      0 |     0 |
|  92.5 <>  93.0 |      6 |   408 |
|  93.0 <>  93.5 |      0 |     0 |
|  93.5 <>  94.0 |      0 |     0 |
|  94.0 <>  94.5 |      0 |     0 |
|  94.5 <>  95.0 |      0 |     0 |
|  95.0 <>  95.5 |      0 |     0 |
|  95.5 <>  96.0 |      0 |     0 |
|  96.0 <>  96.5 |      0 |     0 |
|  96.5 <>  97.0 |      0 |     0 |
|  97.0 <>  97.5 |      0 |     0 |
|  97.5 <>  98.0 |      0 |     0 |
|  98.0 <>  98.5 |      0 |     0 |
|  98.5 <>  99.0 |      0 |     0 |
|  99.0 <>  99.5 |      0 |     0 |
|  99.5 <> 100.0 |      0 |     0 |
| 100.0 <> 100.5 |      0 |     0 |
| 100.5 <> 101.0 |      1 |    76 |
| 101.0 <> 101.5 |      0 |     0 |
| 101.5 <> 102.0 |      0 |     0 |
| 102.0 <> 102.5 |      0 |     0 |
| 102.5 <> 103.0 |      0 |     0 |
| 103.0 <> 103.5 |      0 |     0 |
| 103.5 <> 104.0 |      1 |    76 |
| 104.0 <> 104.5 |      8 |   997 |
| 104.5 <> 105.0 |      4 |   404 |
| 105.0 <> 105.5 |      0 |     0 |
| 105.5 <> 106.0 |      0 |     0 |
| 106.0 <> 106.5 |      0 |     0 |
| 106.5 <> 107.0 |      0 |     0 |
| 107.0 <> 107.5 |      0 |     0 |
| 107.5 <> 108.0 |      0 |     0 |
| 108.0 <> 108.5 |      2 |   310 |
| 108.5 <> 109.0 |      3 |   204 |
| 109.0 <> 109.5 |      2 |   152 |
| 109.5 <> 110.0 |      6 |  2305 |
| 110.0 <> 110.5 |      0 |     0 |
| 110.5 <> 111.0 |      1 |    56 |
| 111.0 <> 111.5 |     29 | 18622 |
| 111.5 <> 112.0 |     47 | 29811 |
| 112.0 <> 112.5 |     59 | 34263 |
| 112.5 <> 113.0 |      5 |  1877 |
| 113.0 <> 113.5 |      0 |     0 |
| 113.5 <> 114.0 |      0 |     0 |
| 114.0 <> 114.5 |      1 |    68 |
| 114.5 <> 115.0 |      0 |     0 |
| 115.0 <> 115.5 |      0 |     0 |
| 115.5 <> 116.0 |      0 |     0 |
| 116.0 <> 116.5 |      4 |   291 |
| 116.5 <> 117.0 |      0 |     0 |
| 117.0 <> 117.5 |      0 |     0 |
| 117.5 <> 118.0 |     74 | 29649 |
| 118.0 <> 118.5 |     46 | 31446 |
| 118.5 <> 119.0 |     55 | 33643 |
| 119.0 <> 119.5 |     40 | 30104 |
| 119.5 <> 120.0 |     39 | 30154 |
| 120.0 <> 120.5 |     25 | 21931 |
| 120.5 <> 121.0 |     22 |  5425 |
| 121.0 <> 121.5 |     31 | 14898 |
| 121.5 <> 122.0 |     16 |  3923 |
| 122.0 <> 122.5 |     16 |  5661 |
| 122.5 <> 123.0 |     55 | 22695 |
| 123.0 <> 123.5 |    154 | 73119 |
| 123.5 <> 124.0 |     53 | 34895 |
| 124.0 <> 124.5 |     54 | 27378 |
| 124.5 <> 125.0 |     19 | 10571 |
| 125.0 <> 125.5 |     43 | 34822 |
| 125.5 <> 126.0 |     38 | 25090 |
| 126.0 <> 126.5 |     19 |  5524 |
| 126.5 <> 127.0 |      1 |  1436 |
| 127.0 <> 127.5 |     16 |  7705 |
| 127.5 <> 128.0 |      4 |  3020 |
| 128.0 <> 128.5 |      6 |  8616 |
| 128.5 <> 129.0 |     19 | 11253 |
| 129.0 <> 129.5 |     23 | 17980 |
| 129.5 <> 130.0 |      8 |  7694 |
| 130.0 <> 130.5 |     13 |  9934 |
| 130.5 <> 131.0 |     29 | 21451 |
| 131.0 <> 131.5 |     25 | 19871 |
| 131.5 <> 132.0 |      2 |  1516 |
| 132.0 <> 132.5 |     16 |  1216 |
| 132.5 <> 133.0 |      3 |  2952 |
| 133.0 <> 133.5 |      2 |  2852 |
| 133.5 <> 134.0 |      2 |  1511 |
| 134.0 <> 134.5 |     15 |  8475 |
| 134.5 <> 135.0 |     89 | 37928 |
| 135.0 <> 135.5 |     50 | 35117 |
| 135.5 <> 136.0 |     49 | 36595 |
| 136.0 <> 136.5 |     50 | 38843 |
| 136.5 <> 137.0 |     44 | 30352 |
| 137.0 <> 137.5 |     53 | 33799 |
| 137.5 <> 138.0 |    115 | 32082 |
| 138.0 <> 138.5 |     44 | 30095 |
| 138.5 <> 139.0 |     51 | 31625 |
| 139.0 <> 139.5 |     43 | 30336 |
| 139.5 <> 140.0 |     52 | 32708 |
| 140.0 <> 140.5 |     44 | 29649 |
| 140.5 <> 141.0 |     49 | 32541 |
| 141.0 <> 141.5 |     51 | 30797 |
| 141.5 <> 142.0 |     47 | 31052 |
| 142.0 <> 142.5 |     56 | 30873 |
| 142.5 <> 143.0 |     50 | 32799 |
| 143.0 <> 143.5 |    103 | 34275 |
| 143.5 <> 144.0 |     79 | 33752 |
| 144.0 <> 144.5 |     53 | 31949 |
| 144.5 <> 145.0 |     28 |  6005 |
| 145.0 <> 145.5 |     54 | 22047 |
| 145.5 <> 146.0 |     51 | 32693 |
| 146.0 <> 146.5 |     43 | 31896 |
| 146.5 <> 147.0 |     50 | 36173 |
| 147.0 <> 147.5 |     47 | 31478 |
| 147.5 <> 148.0 |     52 | 36264 |
| 148.0 <> 148.5 |     40 | 28843 |
| 148.5 <> 149.0 |     73 | 39198 |
| 149.0 <> 149.5 |     83 | 38018 |
| 149.5 <> 150.0 |    100 | 41131 |
| 150.0 <> 150.5 |     60 | 36282 |
| 150.5 <> 151.0 |     64 | 32790 |
| 151.0 <> 151.5 |     54 | 11951 |
| 151.5 <> 152.0 |     27 | 12808 |
| 152.0 <> 152.5 |     27 | 17560 |
| 152.5 <> 153.0 |     18 |  8349 |
| 153.0 <> 153.5 |     90 | 14850 |
| 153.5 <> 154.0 |    135 | 56755 |
| 154.0 <> 154.5 |     64 | 53608 |
| 154.5 <> 155.0 |     43 | 30284 |
| 155.0 <> 155.5 |     44 | 30352 |
| 155.5 <> 156.0 |     54 | 47797 |
| 156.0 <> 156.5 |     46 | 32555 |
| 156.5 <> 157.0 |     43 | 30629 |
| 157.0 <> 157.5 |     44 | 30704 |
| 157.5 <> 158.0 |     48 | 33695 |
| 158.0 <> 158.5 |     51 | 38376 |
| 158.5 <> 159.0 |     42 | 30216 |
| 159.0 <> 159.5 |     50 | 33585 |
| 159.5 <> 160.0 |     57 | 35101 |
| 160.0 <> 160.5 |     43 | 31919 |
| 160.5 <> 161.0 |     55 | 32756 |
| 161.0 <> 161.5 |     44 | 30571 |
| 161.5 <> 162.0 |     48 | 33388 |
| 162.0 <> 162.5 |     39 | 30292 |
| 162.5 <> 163.0 |     56 | 35266 |
| 163.0 <> 163.5 |     47 | 31451 |
| 163.5 <> 164.0 |     33 | 31263 |
| 164.0 <> 164.5 |     44 | 31856 |
| 164.5 <> 165.0 |     42 | 30192 |
| 165.0 <> 165.5 |     35 | 29752 |
| 165.5 <> 166.0 |     46 | 34248 |
| 166.0 <> 166.5 |     46 | 32890 |
| 166.5 <> 167.0 |     41 | 33262 |
| 167.0 <> 167.5 |     55 | 38319 |
| 167.5 <> 168.0 |     42 | 33267 |
| 168.0 <> 168.5 |     33 | 31239 |
| 168.5 <> 169.0 |     40 | 30100 |
| 169.0 <> 169.5 |     43 | 30729 |
| 169.5 <> 170.0 |     31 | 29767 |
| 170.0 <> 170.5 |     42 | 32409 |
| 170.5 <> 171.0 |     44 | 29978 |
| 171.0 <> 171.5 |     37 | 30170 |
| 171.5 <> 172.0 |     36 | 30250 |
| 172.0 <> 172.5 |     41 | 31441 |
| 172.5 <> 173.0 |     32 | 30904 |
| 173.0 <> 173.5 |     46 | 31434 |
| 173.5 <> 174.0 |     33 | 30972 |
| 174.0 <> 174.5 |     33 | 29904 |
| 174.5 <> 175.0 |     43 | 31652 |
| 175.0 <> 175.5 |     38 | 29944 |
| 175.5 <> 176.0 |     34 | 31040 |
| 176.0 <> 176.5 |     34 | 30755 |
| 176.5 <> 177.0 |     39 | 30001 |
| 177.0 <> 177.5 |     38 | 31567 |
| 177.5 <> 178.0 |     39 | 30779 |
| 178.0 <> 178.5 |     21 | 16589 |
| 178.5 <> 179.0 |     27 |  7518 |
| 179.0 <> 179.5 |     12 |  2923 |
| 179.5 <> 180.0 |      7 |   668 |
| 180.0 <> 180.5 |      1 |    68 |
| 180.5 <> 181.0 |      2 |   136 |
| 181.0 <> 181.5 |      8 |   544 |
| 181.5 <> 182.0 |     16 |  1088 |
| 182.0 <> 182.5 |      0 |     0 |
| 182.5 <> 183.0 |      0 |     0 |
| 183.0 <> 183.5 |      1 |    72 |
| 183.5 <> 184.0 |      6 |   823 |
| 184.0 <> 184.5 |     41 | 21120 |
| 184.5 <> 185.0 |     47 | 30465 |
| 185.0 <> 185.5 |     16 | 11691 |
| 185.5 <> 186.0 |      0 |     0 |
| 186.0 <> 186.5 |      1 |    68 |
| 186.5 <> 187.0 |      2 |   136 |
| 187.0 <> 187.5 |      0 |     0 |
| 187.5 <> 188.0 |      0 |     0 |
| 188.0 <> 188.5 |      4 |   272 |
| 188.5 <> 189.0 |      8 |   544 |
| 189.0 <> 189.5 |      0 |     0 |
| 189.5 <> 190.0 |      0 |     0 |
| 190.0 <> 190.5 |      0 |     0 |
| 190.5 <> 191.0 |      0 |     0 |
| 191.0 <> 191.5 |      0 |     0 |
| 191.5 <> 192.0 |      0 |     0 |
| 192.0 <> 192.5 |      0 |     0 |
| 192.5 <> 193.0 |      0 |     0 |
| 193.0 <> 193.5 |      0 |     0 |
| 193.5 <> 194.0 |      2 |   152 |
| 194.0 <> 194.5 |      1 |    76 |
| 194.5 <> 195.0 |      6 |  1151 |
| 195.0 <> 195.5 |      9 |   804 |
| 195.5 <> 196.0 |      1 |    68 |
| 196.0 <> 196.5 |      0 |     0 |
| 196.5 <> 197.0 |      2 |   136 |
| 197.0 <> 197.5 |      3 |   378 |
| 197.5 <> 198.0 |      1 |    68 |
| 198.0 <> 198.5 |      0 |     0 |
| 198.5 <> 199.0 |      1 |    78 |
| 199.0 <> 199.5 |      0 |     0 |
| 199.5 <> 200.0 |      2 |   287 |
| 200.0 <> 200.5 |      3 |   674 |
| 200.5 <> 201.0 |      0 |     0 |
| 201.0 <> 201.5 |      9 |  1814 |
| 201.5 <> 202.0 |      0 |     0 |
| 202.0 <> 202.5 |      7 |   926 |
| 202.5 <> 203.0 |      3 |  1246 |
| 203.0 <> 203.5 |      3 |   204 |
| 203.5 <> 204.0 |      1 |    68 |
| 204.0 <> 204.5 |     43 | 18395 |
| 204.5 <> 205.0 |     37 |  4906 |
| 205.0 <> 205.5 |      7 |   544 |
| 205.5 <> 206.0 |     56 | 23388 |
| 206.0 <> 206.5 |     51 | 11981 |
| 206.5 <> 207.0 |      5 |   969 |
| 207.0 <> 207.5 |     34 | 21504 |
| 207.5 <> 208.0 |     46 | 31864 |
| 208.0 <> 208.5 |     51 | 31092 |
| 208.5 <> 209.0 |     49 | 32828 |
| 209.0 <> 209.5 |     64 | 35146 |
| 209.5 <> 210.0 |     51 | 30584 |
| 210.0 <> 210.5 |     39 | 31341 |
| 210.5 <> 211.0 |     42 | 31592 |
| 211.0 <> 211.5 |     36 | 29808 |
| 211.5 <> 212.0 |     51 | 31764 |
| 212.0 <> 212.5 |     34 | 32039 |
| 212.5 <> 213.0 |     34 | 29531 |
| 213.0 <> 213.5 |     42 | 32073 |
| 213.5 <> 214.0 |     45 | 33385 |
| 214.0 <> 214.5 |     35 | 30500 |
| 214.5 <> 215.0 |     34 | 30579 |
| 215.0 <> 215.5 |     32 | 30904 |
| 215.5 <> 216.0 |     32 | 30822 |
| 216.0 <> 216.5 |     31 | 29468 |
| 216.5 <> 217.0 |     64 | 33069 |
| 217.0 <> 217.5 |     37 | 30328 |
| 217.5 <> 218.0 |     43 | 31124 |
| 218.0 <> 218.5 |     41 | 31170 |
| 218.5 <> 219.0 |     34 | 31040 |
| 219.0 <> 219.5 |     33 | 29604 |
| 219.5 <> 220.0 |     86 | 33764 |
| 220.0 <> 220.5 |     50 | 28782 |
| 220.5 <> 221.0 |     62 | 33990 |
| 221.0 <> 221.5 |     21 | 13806 |
| 221.5 <> 222.0 |     20 | 17833 |
| 222.0 <> 222.5 |     27 | 11553 |
| 222.5 <> 223.0 |      2 |   627 |
| 223.0 <> 223.5 |      0 |     0 |
| 223.5 <> 224.0 |      4 |   272 |
| 224.0 <> 224.5 |      9 |   612 |
| 224.5 <> 225.0 |      0 |     0 |
| 225.0 <> 225.5 |      0 |     0 |
| 225.5 <> 226.0 |      3 |   204 |
| 226.0 <> 226.5 |      6 |   408 |
| 226.5 <> 227.0 |      0 |     0 |
| 227.0 <> 227.5 |      0 |     0 |
| 227.5 <> 228.0 |      0 |     0 |
| 228.0 <> 228.5 |      0 |     0 |
| 228.5 <> 229.0 |      0 |     0 |
| 229.0 <> 229.5 |      0 |     0 |
| 229.5 <> 230.0 |      0 |     0 |
| 230.0 <> 230.5 |      0 |     0 |
| 230.5 <> 231.0 |      0 |     0 |
| 231.0 <> 231.5 |      0 |     0 |
| 231.5 <> 232.0 |      0 |     0 |
| 232.0 <> 232.5 |      0 |     0 |
| 232.5 <> 233.0 |      0 |     0 |
| 233.0 <> 233.5 |      0 |     0 |
| 233.5 <> 234.0 |      0 |     0 |
| 234.0 <> 234.5 |      1 |    76 |
| 234.5 <> 235.0 |      0 |     0 |
| 235.0 <> 235.5 |      0 |     0 |
| 235.5 <> 236.0 |      0 |     0 |
| 236.0 <> 236.5 |      0 |     0 |
| 236.5 <> 237.0 |      3 |   363 |
| 237.0 <> 237.5 |      1 |    68 |
| 237.5 <> 238.0 |      0 |     0 |
| 238.0 <> 238.5 |      0 |     0 |
| 238.5 <> 239.0 |      0 |     0 |
| 239.0 <> 239.5 |      2 |   310 |
| 239.5 <> 240.0 |      1 |    78 |
| 240.0 <> 240.5 |      0 |     0 |
| 240.5 <> 241.0 |      0 |     0 |
| 241.0 <> 241.5 |      0 |     0 |
| 241.5 <> 242.0 |      5 |   925 |
| 242.0 <> 242.5 |      0 |     0 |
| 242.5 <> 243.0 |      1 |    68 |
| 243.0 <> 243.5 |     11 |  1925 |
| 243.5 <> 244.0 |      1 |    68 |
| 244.0 <> 244.5 |     50 | 27696 |
| 244.5 <> 245.0 |     31 | 20234 |
| 245.0 <> 245.5 |     22 | 15176 |
| 245.5 <> 246.0 |     23 | 16624 |
| 246.0 <> 246.5 |     13 |  9104 |
| 246.5 <> 247.0 |     24 | 14943 |
| 247.0 <> 247.5 |     46 | 31856 |
| 247.5 <> 248.0 |     54 | 32313 |
| 248.0 <> 248.5 |     36 | 28886 |
| 248.5 <> 249.0 |     10 |  5495 |
| 249.0 <> 249.5 |      0 |     0 |
| 249.5 <> 250.0 |     13 | 10590 |
| 250.0 <> 250.5 |     44 | 32000 |
| 250.5 <> 251.0 |     43 | 31161 |
| 251.0 <> 251.5 |     24 |  9842 |
| 251.5 <> 252.0 |    107 | 28886 |
| 252.0 <> 252.5 |     58 | 31767 |
| 252.5 <> 253.0 |     57 | 32669 |
| 253.0 <> 253.5 |     51 | 31297 |
| 253.5 <> 254.0 |     49 | 31849 |
| 254.0 <> 254.5 |     52 | 31871 |
| 254.5 <> 255.0 |     47 | 30556 |
| 255.0 <> 255.5 |     46 | 33219 |
| 255.5 <> 256.0 |     86 | 27294 |
| 256.0 <> 256.5 |     65 | 28235 |
| 256.5 <> 257.0 |     69 | 35244 |
| 257.0 <> 257.5 |     47 | 30517 |
| 257.5 <> 258.0 |     52 | 33515 |
| 258.0 <> 258.5 |     37 | 32612 |
| 258.5 <> 259.0 |     43 | 30143 |
| 259.0 <> 259.5 |     40 | 30989 |
| 259.5 <> 260.0 |     53 | 27601 |
| 260.0 <> 260.5 |     41 | 31046 |
| 260.5 <> 261.0 |     46 | 25905 |
| 261.0 <> 261.5 |     41 | 31365 |
| 261.5 <> 262.0 |     47 | 29599 |
| 262.0 <> 262.5 |     44 | 32830 |
| 262.5 <> 263.0 |     18 |  4017 |
| 263.0 <> 263.5 |     39 | 31839 |
| 263.5 <> 264.0 |     41 | 33996 |
| 264.0 <> 264.5 |     35 | 31294 |
| 264.5 <> 265.0 |     44 | 30318 |
| 265.0 <> 265.5 |     46 | 31981 |
| 265.5 <> 266.0 |     52 | 31408 |
| 266.0 <> 266.5 |     39 | 30012 |
| 266.5 <> 267.0 |     40 | 31896 |
| 267.0 <> 267.5 |     61 | 32448 |
| 267.5 <> 268.0 |    103 | 44814 |
| 268.0 <> 268.5 |     75 | 32741 |
| 268.5 <> 269.0 |     91 | 32495 |
| 269.0 <> 269.5 |     59 | 36603 |
| 269.5 <> 270.0 |     53 | 33699 |
| 270.0 <> 270.5 |     83 | 25503 |
| 270.5 <> 271.0 |     63 | 31360 |
| 271.0 <> 271.5 |     58 | 33272 |
| 271.5 <> 272.0 |     80 | 39932 |
| 272.0 <> 272.5 |     60 | 33435 |
| 272.5 <> 273.0 |     43 | 29904 |
| 273.0 <> 273.5 |     50 | 32721 |
| 273.5 <> 274.0 |     55 | 31837 |
| 274.0 <> 274.5 |     42 | 30257 |
| 274.5 <> 275.0 |     65 | 35811 |
| 275.0 <> 275.5 |     37 | 31239 |
| 275.5 <> 276.0 |     58 | 32447 |
| 276.0 <> 276.5 |     43 | 32558 |
| 276.5 <> 277.0 |     38 | 31240 |
| 277.0 <> 277.5 |     32 | 29536 |
| 277.5 <> 278.0 |     39 | 32180 |
| 278.0 <> 278.5 |     40 | 30048 |
| 278.5 <> 279.0 |     40 | 30240 |
| 279.0 <> 279.5 |     43 | 32236 |
| 279.5 <> 280.0 |     41 | 30813 |
| 280.0 <> 280.5 |     58 | 31473 |
| 280.5 <> 281.0 |     48 | 32328 |
| 281.0 <> 281.5 |     44 | 26816 |
| 281.5 <> 282.0 |     38 | 18704 |
| 282.0 <> 282.5 |     29 | 14383 |
| 282.5 <> 283.0 |     73 | 25171 |
| 283.0 <> 283.5 |     74 | 37835 |
| 283.5 <> 284.0 |     61 | 28099 |
| 284.0 <> 284.5 |     37 | 25586 |
| 284.5 <> 285.0 |     34 | 30044 |
| 285.0 <> 285.5 |     43 | 15293 |
| 285.5 <> 286.0 |    191 | 48550 |
| 286.0 <> 286.5 |     67 | 32489 |
| 286.5 <> 287.0 |     69 | 34984 |
| 287.0 <> 287.5 |    101 | 40196 |
| 287.5 <> 288.0 |    103 | 39593 |
| 288.0 <> 288.5 |    117 | 55661 |
| 288.5 <> 289.0 |     68 | 34029 |
| 289.0 <> 289.5 |     56 | 29747 |
| 289.5 <> 290.0 |     48 | 32990 |
| 290.0 <> 290.5 |     85 | 32339 |
| 290.5 <> 291.0 |     58 | 28130 |
| 291.0 <> 291.5 |     12 |  8164 |
| 291.5 <> 292.0 |      0 |     0 |
| 292.0 <> 292.5 |      4 |   680 |
| 292.5 <> 293.0 |    113 | 12800 |
| 293.0 <> 293.5 |     45 |  7421 |
| 293.5 <> 294.0 |      6 |  1148 |
| 294.0 <> 294.5 |      7 |   660 |
| 294.5 <> 295.0 |      7 |   443 |
| 295.0 <> 295.5 |      6 |   408 |
| 295.5 <> 296.0 |      0 |     0 |
| 296.0 <> 296.5 |      0 |     0 |
| 296.5 <> 297.0 |      2 |   136 |
| 297.0 <> 297.5 |      0 |     0 |
| 297.5 <> 298.0 |      0 |     0 |
| 298.0 <> 298.5 |      3 |   204 |
| 298.5 <> 299.0 |      0 |     0 |
| 299.0 <> 299.5 |      0 |     0 |
| 299.5 <> 300.0 |      0 |     0 |
| 300.0 <> 300.5 |      0 |     0 |
| 300.5 <> 301.0 |      0 |     0 |
| 301.0 <> 301.5 |      0 |     0 |
| 301.5 <> 302.0 |      0 |     0 |
| 302.0 <> 302.5 |      0 |     0 |
| 302.5 <> 303.0 |      0 |     0 |
| 303.0 <> 303.5 |      0 |     0 |
| 303.5 <> 304.0 |      0 |     0 |
| 304.0 <> 304.5 |      0 |     0 |
| 304.5 <> 305.0 |      0 |     0 |
| 305.0 <> 305.5 |      0 |     0 |
| 305.5 <> 306.0 |      0 |     0 |
| 306.0 <> 306.5 |      0 |     0 |
| 306.5 <> 307.0 |      0 |     0 |
| 307.0 <> 307.5 |      1 |    76 |
| 307.5 <> 308.0 |      0 |     0 |
| 308.0 <> 308.5 |      1 |    76 |
| 308.5 <> 309.0 |      1 |    76 |
| 309.0 <> 309.5 |      0 |     0 |
| 309.5 <> 310.1 |     13 |  3609 |
===================================
