
====================================
| IO Statistics                    |
|                                  |
| Interval size: 0.5 secs          |
| Col 1: Frames and bytes          |
|----------------------------------|
|                |1                |
| Interval
| Interval       | Frames |  Bytes |
|----------------------------------|
|   0.0 <>   0.5 |      3 |    388 |
|   0.5 <>   1.0 |      0 |      0 |
|   1.0 <>   1.5 |      0 |      0 |
|   1.5 <>   2.0 |      0 |      0 |
|   2.0 <>   2.5 |      0 |      0 |
|   2.5 <>   3.0 |      0 |      0 |
|   3.0 <>   3.5 |      0 |      0 |
|   3.5 <>   4.0 |      0 |      0 |
|   4.0 <>   4.5 |      0 |      0 |
|   4.5 <>   5.0 |      0 |      0 |
|   5.0 <>   5.5 |      1 |     78 |
|   5.5 <>   6.0 |      5 |   1279 |
|   6.0 <>   6.5 |     15 |   2578 |
|   6.5 <>   7.0 |     50 |  20281 |
|   7.0 <>   7.5 |    281 | 178062 |
|   7.5 <>   8.0 |     45 |  26531 |
|   8.0 <>   8.5 |     84 |  52109 |
|   8.5 <>   9.0 |     16 |   9107 |
|   9.0 <>   9.5 |      2 |    492 |
|   9.5 <>  10.0 |      0 |      0 |
|  10.0 <>  10.5 |     36 |   2448 |
|  10.5 <>  11.0 |      0 |      0 |
|  11.0 <>  11.5 |      0 |      0 |
|  11.5 <>  12.0 |      0 |      0 |
|  12.0 <>  12.5 |     21 |   1374 |
|  12.5 <>  13.0 |     13 |   4820 |
|  13.0 <>  13.5 |      9 |    993 |
|  13.5 <>  14.0 |      0 |      0 |
|  14.0 <>  14.5 |      0 |      0 |
|  14.5 <>  15.0 |      0 |      0 |
|  15.0 <>  15.5 |      3 |    204 |
|  15.5 <>  16.0 |      0 |      0 |
|  16.0 <>  16.5 |      0 |      0 |
|  16.5 <>  17.0 |      0 |      0 |
|  17.0 <>  17.5 |      3 |    204 |
|  17.5 <>  18.0 |      1 |     68 |
|  18.0 <>  18.5 |      4 |    272 |
|  18.5 <>  19.0 |      2 |    262 |
|  19.0 <>  19.5 |      0 |      0 |
|  19.5 <>  20.0 |      0 |      0 |
|  20.0 <>  20.5 |      0 |      0 |
|  20.5 <>  21.0 |      0 |      0 |
|  21.0 <>  21.5 |      1 |   1075 |
|  21.5 <>  22.0 |      0 |      0 |
|  22.0 <>  22.5 |      0 |      0 |
|  22.5 <>  23.0 |      4 |    996 |
|  23.0 <>  23.5 |      2 |    504 |
|  23.5 <>  24.0 |      0 |      0 |
|  24.0 <>  24.5 |      0 |      0 |
|  24.5 <>  25.0 |      0 |      0 |
|  25.0 <>  25.5 |      0 |      0 |
|  25.5 <>  26.0 |      0 |      0 |
|  26.0 <>  26.5 |      0 |      0 |
|  26.5 <>  27.0 |      0 |      0 |
|  27.0 <>  27.5 |      0 |      0 |
|  27.5 <>  28.0 |      0 |      0 |
|  28.0 <>  28.5 |      0 |      0 |
|  28.5 <>  29.0 |      0 |      0 |
|  29.0 <>  29.5 |      0 |      0 |
|  29.5 <>  30.0 |      0 |      0 |
|  30.0 <>  30.5 |      0 |      0 |
|  30.5 <>  31.0 |      0 |      0 |
|  31.0 <>  31.5 |      0 |      0 |
|  31.5 <>  32.0 |      0 |      0 |
|  32.0 <>  32.5 |      0 |      0 |
|  32.5 <>  33.0 |      0 |      0 |
|  33.0 <>  33.5 |      0 |      0 |
|  33.5 <>  34.0 |      0 |      0 |
|  34.0 <>  34.5 |      0 |      0 |
|  34.5 <>  35.0 |      1 |   1075 |
|  35.0 <>  35.5 |      0 |      0 |
|  35.5 <>  36.0 |      0 |      0 |
|  36.0 <>  36.5 |      0 |      0 |
|  36.5 <>  37.0 |      1 |     76 |
|  37.0 <>  37.5 |      0 |      0 |
|  37.5 <>  38.0 |      6 |    923 |
|  38.0 <>  38.5 |      0 |      0 |
|  38.5 <>  39.0 |      0 |      0 |
|  39.0 <>  39.5 |      0 |      0 |
|  39.5 <>  40.0 |      0 |      0 |
|  40.0 <>  40.5 |     10 |   1823 |
|  40.5 <>  41.0 |     25 |  10764 |
|  41.0 <>  41.5 |     59 |  37779 |
|  41.5 <>  42.0 |     84 |  50306 |
|  42.0 <>  42.5 |    108 |  79078 |
|  42.5 <>  43.0 |    120 |  64863 |
|  43.0 <>  43.5 |     39 |  24680 |
|  43.5 <>  44.0 |    111 |  47044 |
|  44.0 <>  44.5 |    142 |  80862 |
|  44.5 <>  45.0 |     47 |  10322 |
|  45.0 <>  45.5 |     60 |  28871 |
|  45.5 <>  46.0 |     98 |  48699 |
|  46.0 <>  46.5 |    205 | 107709 |
|  46.5 <>  47.0 |    125 |  77741 |
|  47.0 <>  47.5 |     85 |  47585 |
|  47.5 <>  48.0 |     83 |  54853 |
|  48.0 <>  48.5 |     66 |  15601 |
|  48.5 <>  49.0 |     28 |   8583 |
|  49.0 <>  49.5 |     22 |   6890 |
|  49.5 <>  50.0 |     39 |   9601 |
|  50.0 <>  50.5 |     37 |   9294 |
|  50.5 <>  51.0 |    155 |  69355 |
|  51.0 <>  51.5 |    169 | 106622 |
|  51.5 <>  52.0 |     10 |   7200 |
|  52.0 <>  52.5 |      3 |    204 |
|  52.5 <>  53.0 |      7 |    476 |
|  53.0 <>  53.5 |      0 |      0 |
|  53.5 <>  54.0 |      0 |      0 |
|  54.0 <>  54.5 |     24 |   1632 |
|  54.5 <>  55.0 |      0 |      0 |
|  55.0 <>  55.5 |      1 |     87 |
|  55.5 <>  56.0 |      0 |      0 |
|  56.0 <>  56.5 |     50 |   3590 |
|  56.5 <>  57.0 |      3 |    843 |
|  57.0 <>  57.5 |     86 |  39137 |
|  57.5 <>  58.0 |    152 | 107045 |
|  58.0 <>  58.5 |     65 |  31836 |
|  58.5 <>  59.0 |     62 |  40986 |
|  59.0 <>  59.5 |     80 |  48350 |
|  59.5 <>  60.0 |     10 |    714 |
|  60.0 <>  60.5 |     34 |   3900 |
|  60.5 <>  61.0 |     31 |  17457 |
|  61.0 <>  61.5 |     45 |  13443 |
|  61.5 <>  62.0 |      0 |      0 |
|  62.0 <>  62.5 |     16 |   4575 |
|  62.5 <>  63.0 |    100 |  41549 |
|  63.0 <>  63.5 |     92 |  45190 |
|  63.5 <>  64.0 |     44 |  18076 |
|  64.0 <>  64.5 |     33 |  20124 |
|  64.5 <>  65.0 |     44 |  29758 |
|  65.0 <>  65.5 |      9 |    649 |
|  65.5 <>  66.0 |      7 |    516 |
|  66.0 <>  66.5 |      0 |      0 |
|  66.5 <>  67.0 |      0 |      0 |
|  67.0 <>  67.5 |     19 |   1256 |
|  67.5 <>  68.0 |      8 |    544 |
|  68.0 <>  68.5 |      0 |      0 |
|  68.5 <>  69.0 |      0 |      0 |
|  69.0 <>  69.5 |      1 |     76 |
|  69.5 <>  70.0 |      8 |   2678 |
|  70.0 <>  70.5 |      0 |      0 |
|  70.5 <>  71.0 |      0 |      0 |
|  71.0 <>  71.5 |      0 |      0 |
|  71.5 <>  72.0 |      3 |    204 |
|  72.0 <>  72.5 |      0 |      0 |
|  72.5 <>  73.0 |      0 |      0 |
|  73.0 <>  73.5 |      2 |    152 |
|  73.5 <>  74.0 |      0 |      0 |
|  74.0 <>  74.5 |      6 |   2396 |
|  74.5 <>  75.0 |      7 |    668 |
|  75.0 <>  75.5 |      1 |     68 |
|  75.5 <>  76.0 |      2 |    136 |
|  76.0 <>  76.5 |      0 |      0 |
|  76.5 <>  77.0 |      1 |     68 |
|  77.0 <>  77.5 |      1 |     68 |
|  77.5 <>  78.0 |      0 |      0 |
|  78.0 <>  78.5 |      0 |      0 |
|  78.5 <>  79.0 |      0 |      0 |
|  79.0 <>  79.5 |      0 |      0 |
|  79.5 <>  80.0 |      0 |      0 |
|  80.0 <>  80.5 |      0 |      0 |
|  80.5 <>  81.0 |      0 |      0 |
|  81.0 <>  81.5 |      0 |      0 |
|  81.5 <>  82.0 |      1 |     89 |
|  82.0 <>  82.5 |      6 |   2331 |
|  82.5 <>  83.0 |      0 |      0 |
|  83.0 <>  83.5 |      4 |    628 |
|  83.5 <>  84.0 |      0 |      0 |
|  84.0 <>  84.5 |      3 |    438 |
|  84.5 <>  85.0 |      6 |    495 |
|  85.0 <>  85.5 |      6 |    530 |
|  85.5 <>  86.0 |      7 |    602 |
|  86.0 <>  86.5 |      7 |   1805 |
|  86.5 <>  87.0 |      2 |    492 |
|  87.0 <>  87.5 |      0 |      0 |
|  87.5 <>  88.0 |      0 |      0 |
|  88.0 <>  88.5 |      5 |    980 |
|  88.5 <>  89.0 |      7 |    668 |
|  89.0 <>  89.5 |      1 |     68 |
|  89.5 <>  90.0 |      2 |    136 |
|  90.0 <>  90.5 |      0 |      0 |
|  90.5 <>  91.0 |      1 |     68 |
|  91.0 <>  91.5 |      1 |     68 |
|  91.5 <>  92.0 |      8 |    508 |
|  92.0 <>  92.5 |      0 |      0 |
|  92.5 <>  93.0 |      0 |      0 |
|  93.0 <>  93.5 |      0 |      0 |
|  93.5 <>  94.0 |      1 |     56 |
|  94.0 <>  94.5 |      0 |      0 |
|  94.5 <>  95.0 |      0 |      0 |
|  95.0 <>  95.5 |      7 |    548 |
|  95.5 <>  96.0 |     13 |   2703 |
|  96.0 <>  96.5 |      4 |    628 |
|  96.5 <>  97.0 |      0 |      0 |
|  97.0 <>  97.5 |      0 |      0 |
|  97.5 <>  98.0 |     14 |   3200 |
|  98.0 <>  98.5 |      6 |   1529 |
|  98.5 <>  99.0 |      3 |   1561 |
|  99.0 <>  99.5 |      0 |      0 |
|  99.5 <> 100.0 |      1 |     68 |
| 100.0 <> 100.5 |      2 |    136 |
| 100.5 <> 101.0 |      0 |      0 |
| 101.0 <> 101.5 |      0 |      0 |
| 101.5 <> 102.0 |      0 |      0 |
| 102.0 <> 102.5 |      0 |      0 |
| 102.5 <> 103.0 |      0 |      0 |
| 103.0 <> 103.5 |      0 |      0 |
| 103.5 <> 104.0 |      0 |      0 |
| 104.0 <> 104.5 |      0 |      0 |
| 104.5 <> 105.0 |      0 |      0 |
| 105.0 <> 105.5 |      0 |      0 |
| 105.5 <> 106.0 |      0 |      0 |
| 106.0 <> 106.5 |      0 |      0 |
| 106.5 <> 107.0 |      0 |      0 |
| 107.0 <> 107.5 |      0 |      0 |
| 107.5 <> 108.0 |      0 |      0 |
| 108.0 <> 108.5 |      1 |     89 |
| 108.5 <> 109.0 |      0 |      0 |
| 109.0 <> 109.5 |      0 |      0 |
| 109.5 <> 110.0 |      0 |      0 |
| 110.0 <> 110.5 |      0 |      0 |
| 110.5 <> 111.0 |      7 |   2399 |
| 111.0 <> 111.5 |      3 |    560 |
| 111.5 <> 112.0 |      0 |      0 |
| 112.0 <> 112.5 |      0 |      0 |
| 112.5 <> 113.0 |      0 |      0 |
| 113.0 <> 113.5 |      3 |    204 |
| 113.5 <> 114.0 |      0 |      0 |
| 114.0 <> 114.5 |      0 |      0 |
| 114.5 <> 115.0 |      0 |      0 |
| 115.0 <> 115.5 |      0 |      0 |
| 115.5 <> 116.0 |      0 |      0 |
| 116.0 <> 116.5 |      0 |      0 |
| 116.5 <> 117.0 |      0 |      0 |
| 117.0 <> 117.5 |      0 |      0 |
| 117.5 <> 118.0 |      0 |      0 |
| 118.0 <> 118.5 |      2 |    152 |
| 118.5 <> 119.0 |      5 |    970 |
| 119.0 <> 119.5 |      0 |      0 |
| 119.5 <> 120.0 |      0 |      0 |
| 120.0 <> 120.5 |      0 |      0 |
| 120.5 <> 121.0 |      3 |    192 |
| 121.0 <> 121.5 |      2 |    136 |
| 121.5 <> 122.0 |      0 |      0 |
| 122.0 <> 122.5 |      0 |      0 |
| 122.5 <> 123.0 |      0 |      0 |
| 123.0 <> 123.5 |      5 |   2126 |
| 123.5 <> 124.0 |      0 |      0 |
| 124.0 <> 124.5 |      0 |      0 |
| 124.5 <> 125.0 |      0 |      0 |
| 125.0 <> 125.5 |      2 |    136 |
| 125.5 <> 126.0 |      6 |   1500 |
| 126.0 <> 126.5 |      0 |      0 |
| 126.5 <> 127.0 |      0 |      0 |
| 127.0 <> 127.5 |      0 |      0 |
| 127.5 <> 128.0 |      1 |     68 |
| 128.0 <> 128.5 |      0 |      0 |
| 128.5 <> 129.0 |      0 |      0 |
| 129.0 <> 129.5 |      6 |   1144 |
| 129.5 <> 130.0 |      0 |      0 |
| 130.0 <> 130.5 |      0 |      0 |
| 130.5 <> 131.0 |      2 |    691 |
| 131.0 <> 131.5 |      0 |      0 |
| 131.5 <> 132.0 |      0 |      0 |
| 132.0 <> 132.5 |      0 |      0 |
| 132.5 <> 133.0 |      0 |      0 |
| 133.0 <> 133.5 |      2 |    152 |
| 133.5 <> 134.0 |      0 |      0 |
| 134.0 <> 134.5 |      0 |      0 |
| 134.5 <> 135.0 |      0 |      0 |
| 135.0 <> 135.5 |      5 |   1108 |
| 135.5 <> 136.0 |      0 |      0 |
| 136.0 <> 136.5 |      0 |      0 |
| 136.5 <> 137.0 |      1 |     68 |
| 137.0 <> 137.5 |      8 |    728 |
| 137.5 <> 138.0 |     12 |   3116 |
| 138.0 <> 138.5 |      0 |      0 |
| 138.5 <> 139.0 |      0 |      0 |
| 139.0 <> 139.5 |      0 |      0 |
| 139.5 <> 140.0 |      3 |    204 |
| 140.0 <> 140.5 |      0 |      0 |
| 140.5 <> 141.0 |      0 |      0 |
| 141.0 <> 141.5 |      0 |      0 |
| 141.5 <> 142.0 |      0 |      0 |
| 142.0 <> 142.5 |      0 |      0 |
| 142.5 <> 143.0 |      0 |      0 |
| 143.0 <> 143.5 |      0 |      0 |
| 143.5 <> 144.0 |      0 |      0 |
| 144.0 <> 144.5 |      0 |      0 |
| 144.5 <> 145.0 |      0 |      0 |
| 145.0 <> 145.5 |      1 |     76 |
| 145.5 <> 146.0 |      3 |    363 |
| 146.0 <> 146.5 |      0 |      0 |
| 146.5 <> 147.0 |      1 |     68 |
| 147.0 <> 147.5 |      0 |      0 |
| 147.5 <> 148.0 |      0 |      0 |
| 148.0 <> 148.5 |      8 |   1394 |
| 148.5 <> 149.0 |      8 |    552 |
| 149.0 <> 149.5 |      0 |      0 |
| 149.5 <> 150.0 |      0 |      0 |
| 150.0 <> 150.5 |      2 |    136 |
| 150.5 <> 151.0 |      3 |    234 |
| 151.0 <> 151.5 |     12 |   2979 |
| 151.5 <> 152.0 |      4 |    228 |
| 152.0 <> 152.5 |      4 |    683 |
| 152.5 <> 153.0 |      5 |    431 |
| 153.0 <> 153.5 |      7 |   2423 |
| 153.5 <> 154.0 |     30 |  13631 |
| 154.0 <> 154.5 |     34 |  19010 |
| 154.5 <> 155.0 |     46 |  25827 |
| 155.0 <> 155.5 |     78 |  57742 |
| 155.5 <> 156.0 |     57 |  48867 |
| 156.0 <> 156.5 |     44 |  31036 |
| 156.5 <> 157.0 |     10 |   4463 |
| 157.0 <> 157.5 |      7 |   3751 |
| 157.5 <> 158.0 |     19 |  11658 |
| 158.0 <> 158.5 |    104 |  57745 |
| 158.5 <> 159.0 |     33 |  19459 |
| 159.0 <> 159.5 |     54 |  23227 |
| 159.5 <> 160.0 |     19 |   9557 |
| 160.0 <> 160.5 |      0 |      0 |
| 160.5 <> 161.0 |      0 |      0 |
| 161.0 <> 161.5 |     12 |    804 |
| 161.5 <> 162.0 |     24 |   1608 |
| 162.0 <> 162.5 |      0 |      0 |
| 162.5 <> 163.0 |      0 |      0 |
| 163.0 <> 163.5 |      4 |    272 |
| 163.5 <> 164.0 |      8 |    544 |
| 164.0 <> 164.5 |      0 |      0 |
| 164.5 <> 165.0 |      0 |      0 |
| 165.0 <> 165.5 |      0 |      0 |
| 165.5 <> 166.0 |      0 |      0 |
| 166.0 <> 166.5 |      0 |      0 |
| 166.5 <> 167.0 |      0 |      0 |
| 167.0 <> 167.5 |      0 |      0 |
| 167.5 <> 168.0 |      0 |      0 |
| 168.0 <> 168.5 |      0 |      0 |
| 168.5 <> 169.0 |      0 |      0 |
| 169.0 <> 169.5 |      0 |      0 |
| 169.5 <> 170.0 |      0 |      0 |
| 170.0 <> 170.5 |      0 |      0 |
| 170.5 <> 171.0 |      0 |      0 |
| 171.0 <> 171.5 |      0 |      0 |
| 171.5 <> 172.0 |      0 |      0 |
| 172.0 <> 172.5 |      0 |      0 |
| 172.5 <> 173.0 |      0 |      0 |
| 173.0 <> 173.5 |      0 |      0 |
| 173.5 <> 174.0 |      0 |      0 |
| 174.0 <> 174.5 |      0 |      0 |
| 174.5 <> 175.0 |      0 |      0 |
| 175.0 <> 175.5 |      0 |      0 |
| 175.5 <> 176.0 |      0 |      0 |
| 176.0 <> 176.5 |      0 |      0 |
| 176.5 <> 177.0 |      0 |      0 |
| 177.0 <> 177.5 |      0 |      0 |
| 177.5 <> 178.0 |      0 |      0 |
| 178.0 <> 178.5 |      0 |      0 |
| 178.5 <> 179.0 |      0 |      0 |
| 179.0 <> 179.5 |      0 |      0 |
| 179.5 <> 180.0 |      0 |      0 |
| 180.0 <> 180.5 |      0 |      0 |
| 180.5 <> 181.0 |      0 |      0 |
| 181.0 <> 181.5 |      0 |      0 |
| 181.5 <> 182.0 |      0 |      0 |
| 182.0 <> 182.5 |      0 |      0 |
| 182.5 <> 183.0 |      0 |      0 |
| 183.0 <> 183.5 |      0 |      0 |
| 183.5 <> 184.0 |      0 |      0 |
| 184.0 <> 184.5 |      0 |      0 |
| 184.5 <> 185.0 |      0 |      0 |
| 185.0 <> 185.5 |      0 |      0 |
| 185.5 <> 186.0 |      0 |      0 |
| 186.0 <> 186.5 |      0 |      0 |
| 186.5 <> 187.0 |      0 |      0 |
| 187.0 <> 187.5 |      0 |      0 |
| 187.5 <> 188.0 |      0 |      0 |
| 188.0 <> 188.5 |      0 |      0 |
| 188.5 <> 189.0 |      0 |      0 |
| 189.0 <> 189.5 |      0 |      0 |
| 189.5 <> 190.0 |      0 |      0 |
| 190.0 <> 190.5 |      0 |      0 |
| 190.5 <> 191.0 |      0 |      0 |
| 191.0 <> 191.5 |      0 |      0 |
| 191.5 <> 192.0 |      0 |      0 |
| 192.0 <> 192.5 |      0 |      0 |
| 192.5 <> 193.0 |      0 |      0 |
| 193.0 <> 193.5 |      0 |      0 |
| 193.5 <> 194.0 |      0 |      0 |
| 194.0 <> 194.5 |      0 |      0 |
| 194.5 <> 195.0 |      0 |      0 |
| 195.0 <> 195.5 |      0 |      0 |
| 195.5 <> 196.0 |      0 |      0 |
| 196.0 <> 196.5 |      0 |      0 |
| 196.5 <> 197.0 |      0 |      0 |
| 197.0 <> 197.5 |      0 |      0 |
| 197.5 <> 198.0 |      0 |      0 |
| 198.0 <> 198.5 |      0 |      0 |
| 198.5 <> 199.0 |      0 |      0 |
| 199.0 <> 199.5 |      0 |      0 |
| 199.5 <> 200.0 |      0 |      0 |
| 200.0 <> 200.5 |      0 |      0 |
| 200.5 <> 201.0 |      0 |      0 |
| 201.0 <> 201.5 |      0 |      0 |
| 201.5 <> 202.0 |      0 |      0 |
| 202.0 <> 202.5 |      0 |      0 |
| 202.5 <> 203.0 |      0 |      0 |
| 203.0 <> 203.5 |      0 |      0 |
| 203.5 <> 204.0 |      0 |      0 |
| 204.0 <> 204.5 |      0 |      0 |
| 204.5 <> 205.0 |      0 |      0 |
| 205.0 <> 205.5 |      0 |      0 |
| 205.5 <> 206.0 |      0 |      0 |
| 206.0 <> 206.5 |      0 |      0 |
| 206.5 <> 207.0 |      0 |      0 |
| 207.0 <> 207.5 |      0 |      0 |
| 207.5 <> 208.0 |      6 |   1842 |
| 208.0 <> 208.5 |      0 |      0 |
| 208.5 <> 209.0 |      0 |      0 |
| 209.0 <> 209.5 |      0 |      0 |
| 209.5 <> 210.0 |      0 |      0 |
| 210.0 <> 210.5 |      0 |      0 |
| 210.5 <> 211.0 |      0 |      0 |
| 211.0 <> 211.5 |      2 |    163 |
| 211.5 <> 212.0 |      0 |      0 |
| 212.0 <> 212.5 |      0 |      0 |
| 212.5 <> 213.0 |      5 |    343 |
| 213.0 <> 213.5 |      0 |      0 |
| 213.5 <> 214.0 |      0 |      0 |
| 214.0 <> 214.5 |      0 |      0 |
| 214.5 <> 215.0 |      0 |      0 |
| 215.0 <> 215.5 |      0 |      0 |
| 215.5 <> 216.0 |      0 |      0 |
| 216.0 <> 216.5 |      0 |      0 |
| 216.5 <> 217.0 |      0 |      0 |
| 217.0 <> 217.5 |      0 |      0 |
| 217.5 <> 218.0 |      0 |      0 |
| 218.0 <> 218.5 |      0 |      0 |
| 218.5 <> 219.0 |      0 |      0 |
| 219.0 <> 219.5 |      0 |      0 |
| 219.5 <> 220.0 |      0 |      0 |
| 220.0 <> 220.5 |      0 |      0 |
| 220.5 <> 221.0 |      0 |      0 |
| 221.0 <> 221.5 |      0 |      0 |
| 221.5 <> 222.0 |      0 |      0 |
| 222.0 <> 222.5 |      0 |      0 |
| 222.5 <> 223.0 |      0 |      0 |
| 223.0 <> 223.5 |      0 |      0 |
| 223.5 <> 224.0 |      0 |      0 |
| 224.0 <> 224.5 |      0 |      0 |
| 224.5 <> 225.0 |      0 |      0 |
| 225.0 <> 225.5 |      0 |      0 |
| 225.5 <> 226.0 |      0 |      0 |
| 226.0 <> 226.5 |      0 |      0 |
| 226.5 <> 227.0 |      0 |      0 |
| 227.0 <> 227.5 |      0 |      0 |
| 227.5 <> 228.0 |      0 |      0 |
| 228.0 <> 228.5 |      0 |      0 |
| 228.5 <> 229.0 |      0 |      0 |
| 229.0 <> 229.5 |      0 |      0 |
| 229.5 <> 230.0 |      0 |      0 |
| 230.0 <> 230.5 |      0 |      0 |
| 230.5 <> 231.0 |      0 |      0 |
| 231.0 <> 231.5 |      0 |      0 |
| 231.5 <> 232.0 |      0 |      0 |
| 232.0 <> 232.5 |      0 |      0 |
| 232.5 <> 233.0 |      0 |      0 |
| 233.0 <> 233.5 |      0 |      0 |
| 233.5 <> 234.0 |      0 |      0 |
| 234.0 <> 234.5 |      0 |      0 |
| 234.5 <> 235.0 |      0 |      0 |
| 235.0 <> 235.5 |      0 |      0 |
| 235.5 <> 236.0 |      0 |      0 |
| 236.0 <> 236.5 |      0 |      0 |
| 236.5 <> 237.0 |      0 |      0 |
| 237.0 <> 237.5 |      0 |      0 |
| 237.5 <> 238.0 |      0 |      0 |
| 238.0 <> 238.5 |      0 |      0 |
| 238.5 <> 239.0 |      0 |      0 |
| 239.0 <> 239.5 |      0 |      0 |
| 239.5 <> 240.0 |      1 |    121 |
| 240.0 <> 240.5 |      0 |      0 |
| 240.5 <> 241.0 |      0 |      0 |
| 241.0 <> 241.5 |      0 |      0 |
| 241.5 <> 242.0 |      0 |      0 |
| 242.0 <> 242.5 |      1 |     68 |
| 242.5 <> 243.0 |      0 |      0 |
| 243.0 <> 243.5 |      0 |      0 |
| 243.5 <> 244.0 |      0 |      0 |
| 244.0 <> 244.5 |      0 |      0 |
| 244.5 <> 245.0 |      0 |      0 |
| 245.0 <> 245.5 |      0 |      0 |
| 245.5 <> 246.0 |      0 |      0 |
| 246.0 <> 246.5 |      0 |      0 |
| 246.5 <> 247.0 |      0 |      0 |
| 247.0 <> 247.5 |      0 |      0 |
| 247.5 <> 248.0 |      0 |      0 |
| 248.0 <> 248.5 |      0 |      0 |
| 248.5 <> 249.0 |      0 |      0 |
| 249.0 <> 249.5 |      0 |      0 |
| 249.5 <> 250.0 |      0 |      0 |
| 250.0 <> 250.5 |      0 |      0 |
| 250.5 <> 251.0 |      0 |      0 |
| 251.0 <> 251.5 |      0 |      0 |
| 251.5 <> 252.0 |      0 |      0 |
| 252.0 <> 252.5 |      0 |      0 |
| 252.5 <> 253.0 |      0 |      0 |
| 253.0 <> 253.5 |      0 |      0 |
| 253.5 <> 254.0 |      0 |      0 |
| 254.0 <> 254.5 |      0 |      0 |
| 254.5 <> 255.0 |      0 |      0 |
| 255.0 <> 255.5 |      0 |      0 |
| 255.5 <> 256.0 |      0 |      0 |
| 256.0 <> 256.5 |      0 |      0 |
| 256.5 <> 257.0 |      0 |      0 |
| 257.0 <> 257.5 |      0 |      0 |
| 257.5 <> 258.0 |      0 |      0 |
| 258.0 <> 258.5 |      0 |      0 |
| 258.5 <> 259.0 |      0 |      0 |
| 259.0 <> 259.5 |      0 |      0 |
| 259.5 <> 260.0 |      0 |      0 |
| 260.0 <> 260.5 |      0 |      0 |
| 260.5 <> 261.0 |      0 |      0 |
| 261.0 <> 261.5 |      0 |      0 |
| 261.5 <> 262.0 |      0 |      0 |
| 262.0 <> 262.5 |      0 |      0 |
| 262.5 <> 263.0 |      0 |      0 |
| 263.0 <> 263.5 |      0 |      0 |
| 263.5 <> 264.0 |      0 |      0 |
| 264.0 <> 264.5 |      0 |      0 |
| 264.5 <> 265.0 |      0 |      0 |
| 265.0 <> 265.5 |      0 |      0 |
| 265.5 <> 266.0 |      0 |      0 |
| 266.0 <> 266.5 |      0 |      0 |
| 266.5 <> 267.0 |      0 |      0 |
| 267.0 <> 267.5 |      0 |      0 |
| 267.5 <> 268.0 |      0 |      0 |
| 268.0 <> 268.5 |      0 |      0 |
| 268.5 <> 269.0 |      0 |      0 |
| 269.0 <> 269.5 |      0 |      0 |
| 269.5 <> 270.0 |      0 |      0 |
| 270.0 <> 270.5 |      0 |      0 |
| 270.5 <> 271.0 |      0 |      0 |
| 271.0 <> 271.5 |      0 |      0 |
| 271.5 <> 272.0 |      0 |      0 |
| 272.0 <> 272.5 |      0 |      0 |
| 272.5 <> 273.0 |      0 |      0 |
| 273.0 <> 273.5 |      0 |      0 |
| 273.5 <> 274.0 |      0 |      0 |
| 274.0 <> 274.5 |      0 |      0 |
| 274.5 <> 275.0 |      0 |      0 |
| 275.0 <> 275.5 |      0 |      0 |
| 275.5 <> 276.0 |      0 |      0 |
| 276.0 <> 276.5 |      0 |      0 |
| 276.5 <> 277.0 |      0 |      0 |
| 277.0 <> 277.5 |      0 |      0 |
| 277.5 <> 278.0 |      0 |      0 |
| 278.0 <> 278.5 |      0 |      0 |
| 278.5 <> 279.0 |      0 |      0 |
| 279.0 <> 279.5 |      0 |      0 |
| 279.5 <> 280.0 |      0 |      0 |
| 280.0 <> 280.5 |      0 |      0 |
| 280.5 <> 281.0 |      0 |      0 |
| 281.0 <> 281.5 |      0 |      0 |
| 281.5 <> 282.0 |      0 |      0 |
| 282.0 <> 282.5 |      0 |      0 |
| 282.5 <> 283.0 |      0 |      0 |
| 283.0 <> 283.5 |      0 |      0 |
| 283.5 <> 284.0 |      0 |      0 |
| 284.0 <> 284.5 |      0 |      0 |
| 284.5 <> 285.0 |      0 |      0 |
| 285.0 <> 285.5 |      0 |      0 |
| 285.5 <> 286.0 |      0 |      0 |
| 286.0 <> 286.5 |      0 |      0 |
| 286.5 <> 287.0 |      0 |      0 |
| 287.0 <> 287.5 |      0 |      0 |
| 287.5 <> 288.0 |      0 |      0 |
| 288.0 <> 288.5 |      0 |      0 |
| 288.5 <> 289.0 |      0 |      0 |
| 289.0 <> 289.5 |      0 |      0 |
| 289.5 <> 290.0 |      0 |      0 |
| 290.0 <> 290.5 |      0 |      0 |
| 290.5 <> 291.0 |      0 |      0 |
| 291.0 <> 291.5 |      0 |      0 |
| 291.5 <> 292.0 |      0 |      0 |
| 292.0 <> 292.5 |      0 |      0 |
| 292.5 <> 293.0 |     10 |    924 |
| 293.0 <> 293.5 |      1 |     68 |
| 293.5 <> 294.0 |      0 |      0 |
| 294.0 <> 294.5 |      7 |    610 |
| 294.5 <> 295.0 |      0 |      0 |
| 295.0 <> 295.5 |      0 |      0 |
| 295.5 <> 296.0 |      0 |      0 |
| 296.0 <> 296.5 |      0 |      0 |
| 296.5 <> 297.0 |      0 |      0 |
| 297.0 <> 297.5 |      0 |      0 |
| 297.5 <> 298.0 |      0 |      0 |
| 298.0 <> 298.5 |      0 |      0 |
| 298.5 <> 299.0 |      0 |      0 |
| 299.0 <> 299.5 |      0 |      0 |
| 299.5 <> 300.0 |      0 |      0 |
| 300.0 <> 300.5 |      0 |      0 |
| 300.5 <> 301.0 |      0 |      0 |
| 301.0 <> 301.5 |      0 |      0 |
| 301.5 <> 302.0 |      0 |      0 |
| 302.0 <> 302.5 |      0 |      0 |
| 302.5 <> 303.0 |      0 |      0 |
| 303.0 <> 303.5 |      0 |      0 |
| 303.5 <> 304.0 |      0 |      0 |
| 304.0 <> 304.5 |      0 |      0 |
| 304.5 <> 305.0 |      0 |      0 |
| 305.0 <> 305.5 |      0 |      0 |
| 305.5 <> 306.0 |      0 |      0 |
| 306.0 <> 306.5 |      0 |      0 |
| 306.5 <> 307.0 |      0 |      0 |
| 307.0 <> 307.5 |      0 |      0 |
| 307.5 <> 308.0 |      0 |      0 |
| 308.0 <> 308.5 |      0 |      0 |
| 308.5 <> 309.0 |      0 |      0 |
| 309.0 <> 309.5 |      0 |      0 |
| 309.5 <> 310.0 |      0 |      0 |
| 310.0 <> 310.5 |      0 |      0 |
| 310.5 <> 311.0 |      0 |      0 |
| 311.0 <> 311.5 |      0 |      0 |
| 311.5 <> 312.0 |      0 |      0 |
| 312.0 <> 312.5 |      0 |      0 |
| 312.5 <> 313.0 |      0 |      0 |
| 313.0 <> 313.5 |      0 |      0 |
| 313.5 <> 314.0 |      0 |      0 |
| 314.0 <> 314.5 |      0 |      0 |
| 314.5 <> 315.0 |      0 |      0 |
| 315.0 <> 315.5 |      0 |      0 |
| 315.5 <> 316.0 |      0 |      0 |
| 316.0 <> 316.5 |      0 |      0 |
| 316.5 <> 317.0 |      0 |      0 |
| 317.0 <> 317.5 |      0 |      0 |
| 317.5 <> 318.0 |      0 |      0 |
| 318.0 <> 318.5 |      0 |      0 |
| 318.5 <> 319.0 |      0 |      0 |
| 319.0 <> 319.5 |      0 |      0 |
| 319.5 <> 320.0 |      0 |      0 |
| 320.0 <> 320.5 |      0 |      0 |
| 320.5 <> 321.0 |      0 |      0 |
| 321.0 <> 321.5 |      0 |      0 |
| 321.5 <> 322.0 |      0 |      0 |
| 322.0 <> 322.5 |      0 |      0 |
| 322.5 <> 323.0 |      0 |      0 |
| 323.0 <> 323.5 |      0 |      0 |
| 323.5 <> 324.0 |      0 |      0 |
| 324.0 <> 324.5 |      0 |      0 |
| 324.5 <> 325.0 |      0 |      0 |
| 325.0 <> 325.5 |      0 |      0 |
| 325.5 <> 326.0 |      0 |      0 |
| 326.0 <> 326.5 |      0 |      0 |
| 326.5 <> 327.0 |      0 |      0 |
| 327.0 <> 327.5 |      0 |      0 |
| 327.5 <> 328.0 |      0 |      0 |
| 328.0 <> 328.5 |      0 |      0 |
| 328.5 <> 329.0 |      0 |      0 |
| 329.0 <> 329.5 |      0 |      0 |
| 329.5 <> 330.0 |      0 |      0 |
| 330.0 <> 330.5 |      0 |      0 |
| 330.5 <> 331.0 |      0 |      0 |
| 331.0 <> 331.5 |      0 |      0 |
| 331.5 <> 332.0 |      0 |      0 |
| 332.0 <> 332.5 |      0 |      0 |
| 332.5 <> 333.0 |      0 |      0 |
| 333.0 <> 333.5 |      0 |      0 |
| 333.5 <> 334.0 |      0 |      0 |
| 334.0 <> 334.5 |      0 |      0 |
| 334.5 <> 335.0 |      0 |      0 |
| 335.0 <> 335.5 |      0 |      0 |
| 335.5 <> 336.0 |      0 |      0 |
| 336.0 <> 336.5 |      0 |      0 |
| 336.5 <> 337.0 |      0 |      0 |
| 337.0 <> 337.5 |      0 |      0 |
| 337.5 <> 338.0 |      0 |      0 |
| 338.0 <> 338.5 |      0 |      0 |
| 338.5 <> 339.0 |      0 |      0 |
| 339.0 <> 339.5 |      0 |      0 |
| 339.5 <> 340.0 |      0 |      0 |
| 340.0 <> 340.5 |      0 |      0 |
| 340.5 <> 341.0 |      0 |      0 |
| 341.0 <> 341.5 |      0 |      0 |
| 341.5 <> 342.0 |      0 |      0 |
| 342.0 <> 342.5 |      0 |      0 |
| 342.5 <> 343.0 |      0 |      0 |
| 343.0 <> 343.5 |      0 |      0 |
| 343.5 <> 344.0 |      0 |      0 |
| 344.0 <> 344.5 |      0 |      0 |
| 344.5 <> 345.0 |      0 |      0 |
| 345.0 <> 345.5 |      0 |      0 |
| 345.5 <> 346.0 |      0 |      0 |
| 346.0 <> 346.5 |      0 |      0 |
| 346.5 <> 347.0 |      0 |      0 |
| 347.0 <> 347.5 |      0 |      0 |
| 347.5 <> 348.0 |      0 |      0 |
| 348.0 <> 348.5 |      0 |      0 |
| 348.5 <> 349.0 |      0 |      0 |
| 349.0 <> 349.5 |      0 |      0 |
| 349.5 <> 350.0 |      0 |      0 |
| 350.0 <> 350.5 |      0 |      0 |
| 350.5 <> 351.0 |      0 |      0 |
| 351.0 <> 351.5 |      0 |      0 |
| 351.5 <> 352.0 |      0 |      0 |
| 352.0 <> 352.5 |      0 |      0 |
| 352.5 <> 353.0 |      0 |      0 |
| 353.0 <> 353.5 |      0 |      0 |
| 353.5 <> 354.0 |      0 |      0 |
| 354.0 <> 354.5 |      0 |      0 |
| 354.5 <> 355.0 |      0 |      0 |
| 355.0 <> 355.5 |      0 |      0 |
| 355.5 <> 356.0 |      0 |      0 |
| 356.0 <> 356.5 |      0 |      0 |
| 356.5 <> 357.0 |      0 |      0 |
| 357.0 <> 357.5 |      0 |      0 |
| 357.5 <> 358.0 |      0 |      0 |
| 358.0 <> 358.5 |      0 |      0 |
| 358.5 <> 359.0 |      0 |      0 |
| 359.0 <> 359.5 |      0 |      0 |
| 359.5 <> 360.0 |      0 |      0 |
| 360.0 <> 360.5 |      0 |      0 |
| 360.5 <> 361.0 |      0 |      0 |
| 361.0 <> 361.5 |      0 |      0 |
| 361.5 <> 362.0 |      0 |      0 |
| 362.0 <> 362.5 |      0 |      0 |
| 362.5 <> 363.0 |      0 |      0 |
| 363.0 <> 363.5 |      0 |      0 |
| 363.5 <> 364.0 |      0 |      0 |
| 364.0 <> 364.5 |      0 |      0 |
| 364.5 <> 365.0 |      0 |      0 |
| 365.0 <> 365.5 |      0 |      0 |
| 365.5 <> 366.0 |      0 |      0 |
| 366.0 <> 366.5 |      0 |      0 |
| 366.5 <> 367.0 |      0 |      0 |
| 367.0 <> 367.5 |      0 |      0 |
| 367.5 <> 368.0 |      0 |      0 |
| 368.0 <> 368.5 |      0 |      0 |
| 368.5 <> 369.0 |      0 |      0 |
| 369.0 <> 369.5 |      0 |      0 |
| 369.5 <> 370.0 |      0 |      0 |
| 370.0 <> 370.5 |      0 |      0 |
| 370.5 <> 371.0 |      0 |      0 |
| 371.0 <> 371.5 |      0 |      0 |
| 371.5 <> 372.0 |      0 |      0 |
| 372.0 <> 372.5 |      0 |      0 |
| 372.5 <> 373.0 |      0 |      0 |
| 373.0 <> 373.5 |      0 |      0 |
| 373.5 <> 374.0 |      0 |      0 |
| 374.0 <> 374.5 |      0 |      0 |
| 374.5 <> 375.0 |      0 |      0 |
| 375.0 <> 375.5 |      0 |      0 |
| 375.5 <> 376.0 |      0 |      0 |
| 376.0 <> 376.5 |      0 |      0 |
| 376.5 <> 377.0 |      0 |      0 |
| 377.0 <> 377.5 |      0 |      0 |
| 377.5 <> 378.0 |      0 |      0 |
| 378.0 <> 378.5 |      0 |      0 |
| 378.5 <> 379.0 |      0 |      0 |
| 379.0 <> 379.5 |      0 |      0 |
| 379.5 <> 380.0 |      0 |      0 |
| 380.0 <> 380.5 |      0 |      0 |
| 380.5 <> 381.0 |      0 |      0 |
| 381.0 <> 381.5 |      0 |      0 |
| 381.5 <> 382.0 |      0 |      0 |
| 382.0 <> 382.5 |      0 |      0 |
| 382.5 <> 383.0 |      0 |      0 |
| 383.0 <> 383.5 |      0 |      0 |
| 383.5 <> 384.0 |      0 |      0 |
| 384.0 <> 384.5 |      0 |      0 |
| 384.5 <> 385.0 |      0 |      0 |
| 385.0 <> 385.5 |      0 |      0 |
| 385.5 <> 386.0 |      0 |      0 |
| 386.0 <> 386.5 |      0 |      0 |
| 386.5 <> 387.0 |      0 |      0 |
| 387.0 <> 387.5 |      0 |      0 |
| 387.5 <> 388.0 |      0 |      0 |
| 388.0 <> 388.5 |      0 |      0 |
| 388.5 <> 389.0 |      0 |      0 |
| 389.0 <> 389.5 |      0 |      0 |
| 389.5 <> 390.0 |      0 |      0 |
| 390.0 <> 390.5 |      0 |      0 |
| 390.5 <> 391.0 |      0 |      0 |
| 391.0 <> 391.5 |      0 |      0 |
| 391.5 <> 392.0 |      0 |      0 |
| 392.0 <> 392.5 |      0 |      0 |
| 392.5 <> 393.0 |      0 |      0 |
| 393.0 <> 393.5 |      0 |      0 |
| 393.5 <> 394.0 |      0 |      0 |
| 394.0 <> 394.5 |      0 |      0 |
| 394.5 <> 395.0 |      0 |      0 |
| 395.0 <> 395.5 |      0 |      0 |
| 395.5 <> 396.0 |      0 |      0 |
| 396.0 <> 396.5 |      0 |      0 |
| 396.5 <> 397.0 |      0 |      0 |
| 397.0 <> 397.5 |      0 |      0 |
| 397.5 <> 398.0 |      0 |      0 |
| 398.0 <> 398.5 |      0 |      0 |
| 398.5 <> 399.0 |      0 |      0 |
| 399.0 <> 399.5 |      0 |      0 |
| 399.5 <> 400.0 |      0 |      0 |
| 400.0 <> 400.5 |      0 |      0 |
| 400.5 <> 401.0 |      0 |      0 |
| 401.0 <> 401.5 |      0 |      0 |
| 401.5 <> 402.0 |      0 |      0 |
| 402.0 <> 402.5 |      0 |      0 |
| 402.5 <> 403.0 |      0 |      0 |
| 403.0 <> 403.5 |      0 |      0 |
| 403.5 <> 404.0 |      0 |      0 |
| 404.0 <> 404.5 |      0 |      0 |
| 404.5 <> 405.0 |      0 |      0 |
| 405.0 <> 405.5 |      0 |      0 |
| 405.5 <> 406.0 |      0 |      0 |
| 406.0 <> 406.5 |      0 |      0 |
| 406.5 <> 407.0 |      0 |      0 |
| 407.0 <> 407.5 |      0 |      0 |
| 407.5 <> 408.0 |      0 |      0 |
| 408.0 <> 408.5 |      0 |      0 |
| 408.5 <> 409.0 |      0 |      0 |
| 409.0 <> 409.5 |      0 |      0 |
| 409.5 <> 410.0 |      0 |      0 |
| 410.0 <> 410.5 |      0 |      0 |
| 410.5 <> 411.0 |      0 |      0 |
| 411.0 <> 411.5 |      0 |      0 |
| 411.5 <> 412.0 |      0 |      0 |
| 412.0 <> 412.5 |      0 |      0 |
| 412.5 <> 413.0 |      0 |      0 |
| 413.0 <> 413.5 |      0 |      0 |
| 413.5 <> 414.0 |      0 |      0 |
| 414.0 <> 414.5 |      0 |      0 |
| 414.5 <> 415.0 |      0 |      0 |
| 415.0 <> 415.5 |      0 |      0 |
| 415.5 <> 416.0 |      0 |      0 |
| 416.0 <> 416.5 |      0 |      0 |
| 416.5 <> 417.0 |      0 |      0 |
| 417.0 <> 417.5 |      0 |      0 |
| 417.5 <> 418.0 |      0 |      0 |
| 418.0 <> 418.5 |      0 |      0 |
| 418.5 <> 419.0 |      0 |      0 |
| 419.0 <> 419.5 |      0 |      0 |
| 419.5 <> 420.0 |      0 |      0 |
| 420.0 <> 420.5 |      0 |      0 |
| 420.5 <> 421.0 |      0 |      0 |
| 421.0 <> 421.5 |      0 |      0 |
| 421.5 <> 422.0 |      0 |      0 |
| 422.0 <> 422.5 |      0 |      0 |
| 422.5 <> 423.0 |      0 |      0 |
| 423.0 <> 423.5 |      0 |      0 |
| 423.5 <> 424.0 |      0 |      0 |
| 424.0 <> 424.5 |      0 |      0 |
| 424.5 <> 425.0 |      0 |      0 |
| 425.0 <> 425.5 |      0 |      0 |
| 425.5 <> 426.0 |      0 |      0 |
| 426.0 <> 426.5 |      0 |      0 |
| 426.5 <> 427.0 |      0 |      0 |
| 427.0 <> 427.5 |      0 |      0 |
| 427.5 <> 428.0 |      0 |      0 |
| 428.0 <> 428.5 |      0 |      0 |
| 428.5 <> 429.0 |      0 |      0 |
| 429.0 <> 429.5 |      0 |      0 |
| 429.5 <> 430.0 |      0 |      0 |
| 430.0 <> 430.5 |      0 |      0 |
| 430.5 <> 431.0 |      0 |      0 |
| 431.0 <> 431.5 |      0 |      0 |
| 431.5 <> 432.0 |      0 |      0 |
| 432.0 <> 432.5 |      0 |      0 |
| 432.5 <> 433.0 |      0 |      0 |
| 433.0 <> 433.5 |      0 |      0 |
| 433.5 <> 434.0 |      2 |    112 |
| 434.0 <> 434.5 |      0 |      0 |
| 434.5 <> 435.0 |      0 |      0 |
| 435.0 <> 435.5 |      0 |      0 |
| 435.5 <> 436.0 |      0 |      0 |
| 436.0 <> 436.5 |      0 |      0 |
| 436.5 <> 437.0 |      0 |      0 |
| 437.0 <> 437.5 |      0 |      0 |
| 437.5 <> 438.0 |      0 |      0 |
| 438.0 <> 438.5 |      0 |      0 |
| 438.5 <> 439.0 |      0 |      0 |
| 439.0 <> 439.5 |      0 |      0 |
| 439.5 <> 440.0 |      2 |    120 |
| 440.0 <> 440.5 |      0 |      0 |
| 440.5 <> 441.0 |      0 |      0 |
| 441.0 <> 441.5 |      0 |      0 |
| 441.5 <> 442.0 |      0 |      0 |
| 442.0 <> 442.5 |      0 |      0 |
| 442.5 <> 443.0 |      0 |      0 |
| 443.0 <> 443.5 |      0 |      0 |
| 443.5 <> 444.0 |      0 |      0 |
| 444.0 <> 444.5 |      0 |      0 |
| 444.5 <> 445.0 |      0 |      0 |
| 445.0 <> 445.5 |      0 |      0 |
| 445.5 <> 446.0 |      0 |      0 |
| 446.0 <> 446.5 |      0 |      0 |
| 446.5 <> 447.0 |      0 |      0 |
| 447.0 <> 447.5 |      0 |      0 |
| 447.5 <> 448.0 |      0 |      0 |
| 448.0 <> 448.5 |      0 |      0 |
| 448.5 <> 449.0 |      0 |      0 |
| 449.0 <> 449.5 |      0 |      0 |
| 449.5 <> 450.0 |      0 |      0 |
| 450.0 <> 450.5 |      0 |      0 |
| 450.5 <> 451.0 |      0 |      0 |
| 451.0 <> 451.5 |      0 |      0 |
| 451.5 <> 452.0 |      0 |      0 |
| 452.0 <> 452.5 |      0 |      0 |
| 452.5 <> 453.0 |      0 |      0 |
| 453.0 <> 453.5 |      0 |      0 |
| 453.5 <> 454.0 |      0 |      0 |
| 454.0 <> 454.5 |      0 |      0 |
| 454.5 <> 455.0 |      0 |      0 |
| 455.0 <> 455.5 |      0 |      0 |
| 455.5 <> 456.0 |      0 |      0 |
| 456.0 <> 456.5 |      0 |      0 |
| 456.5 <> 457.0 |      0 |      0 |
| 457.0 <> 457.5 |      0 |      0 |
| 457.5 <> 458.0 |      0 |      0 |
| 458.0 <> 458.5 |      0 |      0 |
| 458.5 <> 459.0 |      0 |      0 |
| 459.0 <> 459.5 |      0 |      0 |
| 459.5 <> 460.0 |      0 |      0 |
| 460.0 <> 460.5 |      0 |      0 |
| 460.5 <> 461.0 |      0 |      0 |
| 461.0 <> 461.5 |      0 |      0 |
| 461.5 <> 462.0 |      0 |      0 |
| 462.0 <> 462.5 |      0 |      0 |
| 462.5 <> 463.0 |      0 |      0 |
| 463.0 <> 463.5 |      0 |      0 |
| 463.5 <> 464.0 |      0 |      0 |
| 464.0 <> 464.5 |      0 |      0 |
| 464.5 <> 465.0 |      0 |      0 |
| 465.0 <> 465.5 |      0 |      0 |
| 465.5 <> 466.0 |      0 |      0 |
| 466.0 <> 466.5 |      0 |      0 |
| 466.5 <> 467.0 |      0 |      0 |
| 467.0 <> 467.5 |      0 |      0 |
| 467.5 <> 468.0 |      1 |     76 |
| 468.0 <> 468.5 |      0 |      0 |
| 468.5 <> 469.0 |      0 |      0 |
| 469.0 <> 469.5 |      0 |      0 |
| 469.5 <> 470.0 |      0 |      0 |
| 470.0 <> 470.5 |      0 |      0 |
| 470.5 <> 471.0 |      8 |   2724 |
| 471.0 <> 471.5 |      5 |   1493 |
| 471.5 <> 472.0 |      5 |    997 |
| 472.0 <> 472.5 |      0 |      0 |
| 472.5 <> 473.0 |      0 |      0 |
| 473.0 <> 473.5 |      2 |    163 |
| 473.5 <> 474.0 |      7 |    467 |
| 474.0 <> 474.5 |      0 |      0 |
| 474.5 <> 475.0 |      0 |      0 |
| 475.0 <> 475.5 |      0 |      0 |
| 475.5 <> 476.0 |      0 |      0 |
| 476.0 <> 476.5 |      0 |      0 |
| 476.5 <> 477.0 |      0 |      0 |
| 477.0 <> 477.5 |      0 |      0 |
| 477.5 <> 478.0 |      0 |      0 |
| 478.0 <> 478.5 |      0 |      0 |
| 478.5 <> 479.0 |      0 |      0 |
| 479.0 <> 479.5 |      0 |      0 |
| 479.5 <> 480.0 |      0 |      0 |
| 480.0 <> 480.5 |      0 |      0 |
| 480.5 <> 481.0 |      0 |      0 |
| 481.0 <> 481.5 |      0 |      0 |
| 481.5 <> 482.0 |      0 |      0 |
| 482.0 <> 482.5 |      0 |      0 |
| 482.5 <> 483.0 |      0 |      0 |
| 483.0 <> 483.5 |      0 |      0 |
| 483.5 <> 484.0 |      0 |      0 |
| 484.0 <> 484.5 |      0 |      0 |
| 484.5 <> 485.0 |      0 |      0 |
| 485.0 <> 485.5 |      0 |      0 |
| 485.5 <> 486.0 |      0 |      0 |
| 486.0 <> 486.5 |      0 |      0 |
| 486.5 <> 487.0 |      0 |      0 |
| 487.0 <> 487.5 |      0 |      0 |
| 487.5 <> 488.0 |      0 |      0 |
| 488.0 <> 488.5 |      0 |      0 |
| 488.5 <> 489.0 |      0 |      0 |
| 489.0 <> 489.5 |      0 |      0 |
| 489.5 <> 490.0 |      0 |      0 |
| 490.0 <> 490.5 |      0 |      0 |
| 490.5 <> 491.0 |      0 |      0 |
| 491.0 <> 491.5 |      0 |      0 |
| 491.5 <> 492.0 |      0 |      0 |
| 492.0 <> 492.5 |      0 |      0 |
| 492.5 <> 493.0 |      0 |      0 |
| 493.0 <> 493.5 |      0 |      0 |
| 493.5 <> 494.0 |      0 |      0 |
| 494.0 <> 494.5 |      0 |      0 |
| 494.5 <> 495.0 |      0 |      0 |
| 495.0 <> 495.5 |      0 |      0 |
| 495.5 <> 496.0 |      0 |      0 |
| 496.0 <> 496.5 |      0 |      0 |
| 496.5 <> 497.0 |      0 |      0 |
| 497.0 <> 497.5 |      0 |      0 |
| 497.5 <> 498.0 |      0 |      0 |
| 498.0 <> 498.5 |      0 |      0 |
| 498.5 <> 499.0 |      0 |      0 |
| 499.0 <> 499.5 |      0 |      0 |
| 499.5 <> 500.0 |      0 |      0 |
| 500.0 <> 500.5 |      0 |      0 |
| 500.5 <> 501.0 |      0 |      0 |
| 501.0 <> 501.5 |      0 |      0 |
| 501.5 <> 502.0 |      0 |      0 |
| 502.0 <> 502.5 |      0 |      0 |
| 502.5 <> 503.0 |      0 |      0 |
| 503.0 <> 503.5 |      0 |      0 |
| 503.5 <> 504.0 |      0 |      0 |
| 504.0 <> 504.5 |      0 |      0 |
| 504.5 <> 505.0 |      0 |      0 |
| 505.0 <> 505.5 |      0 |      0 |
| 505.5 <> 506.0 |      0 |      0 |
| 506.0 <> 506.5 |      0 |      0 |
| 506.5 <> 507.0 |      0 |      0 |
| 507.0 <> 507.5 |      0 |      0 |
| 507.5 <> 508.0 |      0 |      0 |
| 508.0 <> 508.5 |      0 |      0 |
| 508.5 <> 509.0 |      0 |      0 |
| 509.0 <> 509.5 |      0 |      0 |
| 509.5 <> 510.0 |      0 |      0 |
| 510.0 <> 510.5 |      0 |      0 |
| 510.5 <> 511.0 |      0 |      0 |
| 511.0 <> 511.5 |      0 |      0 |
| 511.5 <> 512.0 |      0 |      0 |
| 512.0 <> 512.5 |      0 |      0 |
| 512.5 <> 513.0 |      0 |      0 |
| 513.0 <> 513.5 |      0 |      0 |
| 513.5 <> 514.0 |      0 |      0 |
| 514.0 <> 514.5 |      0 |      0 |
| 514.5 <> 515.0 |      0 |      0 |
| 515.0 <> 515.5 |      0 |      0 |
| 515.5 <> 516.0 |      0 |      0 |
| 516.0 <> 516.5 |      0 |      0 |
| 516.5 <> 517.0 |      0 |      0 |
| 517.0 <> 517.5 |      0 |      0 |
| 517.5 <> 518.0 |      0 |      0 |
| 518.0 <> 518.5 |      0 |      0 |
| 518.5 <> 519.0 |      0 |      0 |
| 519.0 <> 519.5 |      0 |      0 |
| 519.5 <> 520.0 |      0 |      0 |
| 520.0 <> 520.5 |      0 |      0 |
| 520.5 <> 521.0 |      0 |      0 |
| 521.0 <> 521.5 |      0 |      0 |
| 521.5 <> 522.0 |      0 |      0 |
| 522.0 <> 522.5 |      0 |      0 |
| 522.5 <> 523.0 |      0 |      0 |
| 523.0 <> 523.5 |      0 |      0 |
| 523.5 <> 524.0 |      0 |      0 |
| 524.0 <> 524.5 |      0 |      0 |
| 524.5 <> 525.0 |      0 |      0 |
| 525.0 <> 525.5 |      0 |      0 |
| 525.5 <> 526.0 |      0 |      0 |
| 526.0 <> 526.5 |      0 |      0 |
| 526.5 <> 527.0 |      0 |      0 |
| 527.0 <> 527.5 |      0 |      0 |
| 527.5 <> 528.0 |      0 |      0 |
| 528.0 <> 528.5 |      0 |      0 |
| 528.5 <> 529.0 |      0 |      0 |
| 529.0 <> 529.5 |      0 |      0 |
| 529.5 <> 530.0 |      0 |      0 |
| 530.0 <> 530.5 |      0 |      0 |
| 530.5 <> 531.0 |      0 |      0 |
| 531.0 <> 531.5 |      0 |      0 |
| 531.5 <> 532.0 |      0 |      0 |
| 532.0 <> 532.5 |      0 |      0 |
| 532.5 <> 533.0 |      0 |      0 |
| 533.0 <> 533.5 |      0 |      0 |
| 533.5 <> 534.0 |      0 |      0 |
| 534.0 <> 534.5 |      0 |      0 |
| 534.5 <> 535.0 |      0 |      0 |
| 535.0 <> 535.5 |      0 |      0 |
| 535.5 <> 536.0 |      0 |      0 |
| 536.0 <> 536.5 |      0 |      0 |
| 536.5 <> 537.0 |      0 |      0 |
| 537.0 <> 537.5 |      0 |      0 |
| 537.5 <> 538.0 |      0 |      0 |
| 538.0 <> 538.5 |      0 |      0 |
| 538.5 <> 539.0 |      0 |      0 |
| 539.0 <> 539.5 |      0 |      0 |
| 539.5 <> 540.0 |      0 |      0 |
| 540.0 <> 540.5 |      0 |      0 |
| 540.5 <> 541.0 |      0 |      0 |
| 541.0 <> 541.5 |      0 |      0 |
| 541.5 <> 542.0 |      0 |      0 |
| 542.0 <> 542.5 |      0 |      0 |
| 542.5 <> 543.0 |      0 |      0 |
| 543.0 <> 543.5 |      0 |      0 |
| 543.5 <> 544.0 |      0 |      0 |
| 544.0 <> 544.5 |      0 |      0 |
| 544.5 <> 545.0 |      0 |      0 |
| 545.0 <> 545.5 |      0 |      0 |
| 545.5 <> 546.0 |      0 |      0 |
| 546.0 <> 546.5 |      0 |      0 |
| 546.5 <> 547.0 |      0 |      0 |
| 547.0 <> 547.5 |      0 |      0 |
| 547.5 <> 548.0 |      0 |      0 |
| 548.0 <> 548.5 |      0 |      0 |
| 548.5 <> 549.0 |      0 |      0 |
| 549.0 <> 549.5 |      0 |      0 |
| 549.5 <> 550.0 |      0 |      0 |
| 550.0 <> 550.5 |      0 |      0 |
| 550.5 <> 551.0 |      0 |      0 |
| 551.0 <> 551.5 |      0 |      0 |
| 551.5 <> 552.0 |      0 |      0 |
| 552.0 <> 552.5 |      0 |      0 |
| 552.5 <> 553.0 |      1 |    117 |
| 553.0 <> 553.5 |      0 |      0 |
| 553.5 <> 554.0 |      0 |      0 |
| 554.0 <> 554.5 |      0 |      0 |
| 554.5 <> 555.0 |      0 |      0 |
| 555.0 <> 555.8 |      0 |      0 |
====================================
