
===================================
| IO Statistics                   |
|                                 |
| Interval size: 0.5 secs         |
| Col 1: ip.dst==27.60.1.124      |
|---------------------------------|
|                |1               |
| Interval
| Interval       | Frames | Bytes |
|---------------------------------|
|   0.0 <>   0.5 |      0 |     0 |
|   0.5 <>   1.0 |      0 |     0 |
|   1.0 <>   1.5 |      0 |     0 |
|   1.5 <>   2.0 |      0 |     0 |
|   2.0 <>   2.5 |      0 |     0 |
|   2.5 <>   3.0 |      0 |     0 |
|   3.0 <>   3.5 |      0 |     0 |
|   3.5 <>   4.0 |      0 |     0 |
|   4.0 <>   4.5 |      0 |     0 |
|   4.5 <>   5.0 |      3 |   228 |
|   5.0 <>   5.5 |      1 |    68 |
|   5.5 <>   6.0 |      0 |     0 |
|   6.0 <>   6.5 |      1 |  1436 |
|   6.5 <>   7.0 |      3 |  1258 |
|   7.0 <>   7.5 |      0 |     0 |
|   7.5 <>   8.0 |      2 |  1730 |
|   8.0 <>   8.5 |      6 |   877 |
|   8.5 <>   9.0 |      3 |  2101 |
|   9.0 <>   9.5 |      3 |   897 |
|   9.5 <>  10.0 |      4 |   280 |
|  10.0 <>  10.5 |      3 |  2101 |
|  10.5 <>  11.0 |      1 |   294 |
|  11.0 <>  11.5 |      6 |   884 |
|  11.5 <>  12.0 |      3 |  2101 |
|  12.0 <>  12.5 |      1 |   294 |
|  12.5 <>  13.0 |      2 |   541 |
|  13.0 <>  13.5 |      3 |   204 |
|  13.5 <>  14.0 |      0 |     0 |
|  14.0 <>  14.5 |      1 |    76 |
|  14.5 <>  15.0 |      4 |  2395 |
|  15.0 <>  15.5 |      4 |   738 |
|  15.5 <>  16.0 |      5 |  2245 |
|  16.0 <>  16.5 |      3 |   575 |
|  16.5 <>  17.0 |      9 |  5332 |
|  17.0 <>  17.5 |     25 | 26470 |
|  17.5 <>  18.0 |     20 | 13818 |
|  18.0 <>  18.5 |     20 |  4842 |
|  18.5 <>  19.0 |     33 |  3706 |
|  19.0 <>  19.5 |     10 |  3554 |
|  19.5 <>  20.0 |      7 |   755 |
|  20.0 <>  20.5 |      4 |   943 |
|  20.5 <>  21.0 |      3 |   326 |
|  21.0 <>  21.5 |      7 |  1012 |
|  21.5 <>  22.0 |      9 |  3174 |
|  22.0 <>  22.5 |      7 |  2020 |
|  22.5 <>  23.0 |     11 |  1152 |
|  23.0 <>  23.5 |      5 |   849 |
|  23.5 <>  24.0 |      9 |  1666 |
|  24.0 <>  24.5 |     13 |  1664 |
|  24.5 <>  25.0 |      2 |   152 |
|  25.0 <>  25.5 |     31 |  4318 |
|  25.5 <>  26.0 |      3 |   273 |
|  26.0 <>  26.5 |      0 |     0 |
|  26.5 <>  27.0 |      0 |     0 |
|  27.0 <>  27.5 |      4 |  5744 |
|  27.5 <>  28.0 |      1 |  1436 |
|  28.0 <>  28.5 |      2 |  2872 |
|  28.5 <>  29.0 |      1 |  1436 |
|  29.0 <>  29.5 |     10 |  2904 |
|  29.5 <>  30.0 |     21 |  4557 |
|  30.0 <>  30.5 |     24 |  3807 |
|  30.5 <>  31.0 |      6 |   963 |
|  31.0 <>  31.5 |      1 |    76 |
|  31.5 <>  32.0 |     15 |  1974 |
|  32.0 <>  32.5 |      4 |   304 |
|  32.5 <>  33.0 |      2 |   152 |
|  33.0 <>  33.5 |      2 |  1504 |
|  33.5 <>  34.0 |      4 |  1645 |
|  34.0 <>  34.5 |      0 |     0 |
|  34.5 <>  35.0 |      1 |   260 |
|  35.0 <>  35.5 |      3 |  1044 |
|  35.5 <>  36.0 |      8 |  2580 |
|  36.0 <>  36.5 |      3 |  1035 |
|  36.5 <>  37.0 |      1 |    76 |
|  37.0 <>  37.5 |      0 |     0 |
|  37.5 <>  38.0 |      0 |     0 |
|  38.0 <>  38.5 |     18 |  6571 |
|  38.5 <>  39.0 |      2 |  2273 |
|  39.0 <>  39.5 |      1 |    80 |
|  39.5 <>  40.0 |      0 |     0 |
|  40.0 <>  40.5 |      0 |     0 |
|  40.5 <>  41.0 |      0 |     0 |
|  41.0 <>  41.5 |      3 |  2414 |
|  41.5 <>  42.0 |      6 |  1097 |
|  42.0 <>  42.5 |      4 |  2383 |
|  42.5 <>  43.0 |      3 |   925 |
|  43.0 <>  43.5 |      0 |     0 |
|  43.5 <>  44.0 |     14 | 14855 |
|  44.0 <>  44.5 |      4 |   312 |
|  44.5 <>  45.0 |      5 |  2447 |
|  45.0 <>  45.5 |      3 |  1142 |
|  45.5 <>  46.0 |      3 |  1722 |
|  46.0 <>  46.5 |      0 |     0 |
|  46.5 <>  47.0 |      0 |     0 |
|  47.0 <>  47.5 |      0 |     0 |
|  47.5 <>  48.0 |      5 |  1407 |
|  48.0 <>  48.5 |      3 |   864 |
|  48.5 <>  49.0 |      5 |  6117 |
|  49.0 <>  49.5 |      4 |  1291 |
|  49.5 <>  50.0 |      2 |  2273 |
|  50.0 <>  50.5 |     15 |  3075 |
|  50.5 <>  51.0 |     10 |  1702 |
|  51.0 <>  51.5 |     12 |  2087 |
|  51.5 <>  52.0 |     12 |  2812 |
|  52.0 <>  52.5 |      5 |   364 |
|  52.5 <>  53.0 |      8 |  2031 |
|  53.0 <>  53.5 |      6 |   841 |
|  53.5 <>  54.0 |      5 |   368 |
|  54.0 <>  54.5 |      3 |   192 |
|  54.5 <>  55.0 |      3 |   204 |
|  55.0 <>  55.5 |      0 |     0 |
|  55.5 <>  56.0 |      1 |  1147 |
|  56.0 <>  56.5 |      0 |     0 |
|  56.5 <>  57.0 |      6 |  2533 |
|  57.0 <>  57.5 |      9 |  6144 |
|  57.5 <>  58.0 |      1 |    68 |
|  58.0 <>  58.5 |      4 |   272 |
|  58.5 <>  59.0 |      9 |  2264 |
|  59.0 <>  59.5 |      3 |   220 |
|  59.5 <>  60.0 |      0 |     0 |
|  60.0 <>  60.5 |      1 |    68 |
|  60.5 <>  61.0 |      1 |    68 |
|  61.0 <>  61.5 |      9 |  2514 |
|  61.5 <>  62.0 |      5 |   444 |
|  62.0 <>  62.5 |      8 |   652 |
|  62.5 <>  63.0 |      3 |   212 |
|  63.0 <>  63.5 |      3 |   394 |
|  63.5 <>  64.0 |     14 |   992 |
|  64.0 <>  64.5 |      6 |   452 |
|  64.5 <>  65.0 |      8 |   576 |
|  65.0 <>  65.5 |     15 |  1580 |
|  65.5 <>  66.0 |      8 |  3035 |
|  66.0 <>  66.5 |      5 |   348 |
|  66.5 <>  67.0 |      0 |     0 |
|  67.0 <>  67.5 |     19 | 11492 |
|  67.5 <>  68.0 |      1 |   526 |
|  68.0 <>  68.5 |      0 |     0 |
|  68.5 <>  69.0 |      2 |   136 |
|  69.0 <>  69.5 |      2 |   136 |
|  69.5 <>  70.0 |      3 |   204 |
|  70.0 <>  70.5 |      4 |   272 |
|  70.5 <>  71.0 |      0 |     0 |
|  71.0 <>  71.5 |      2 |  1617 |
|  71.5 <>  72.0 |      4 |  1090 |
|  72.0 <>  72.5 |      2 |  2847 |
|  72.5 <>  73.0 |      8 |  1338 |
|  73.0 <>  73.5 |      1 |    68 |
|  73.5 <>  74.0 |     16 | 14239 |
|  74.0 <>  74.5 |      4 |  1100 |
|  74.5 <>  75.0 |      7 |  1718 |
|  75.0 <>  75.5 |      2 |   550 |
|  75.5 <>  76.0 |      1 |    68 |
|  76.0 <>  76.5 |      0 |     0 |
|  76.5 <>  77.0 |      1 |    68 |
|  77.0 <>  77.5 |      1 |    68 |
|  77.5 <>  78.0 |      2 |   550 |
|  78.0 <>  78.5 |      3 |   204 |
|  78.5 <>  79.0 |      4 |   686 |
|  79.0 <>  79.5 |      1 |    68 |
|  79.5 <>  80.0 |      3 |   204 |
|  80.0 <>  80.5 |     11 |  7212 |
|  80.5 <>  81.0 |     19 |  3576 |
|  81.0 <>  81.5 |      6 |   420 |
|  81.5 <>  82.0 |     15 |  1502 |
|  82.0 <>  82.5 |      5 |   778 |
|  82.5 <>  83.0 |     18 |  3822 |
|  83.0 <>  83.5 |      3 |   228 |
|  83.5 <>  84.0 |      5 |   364 |
|  84.0 <>  84.5 |      0 |     0 |
|  84.5 <>  85.0 |      4 |   686 |
|  85.0 <>  85.5 |      4 |  1100 |
|  85.5 <>  86.0 |      1 |   482 |
|  86.0 <>  86.5 |      7 |  1304 |
|  86.5 <>  87.0 |     10 |  2236 |
|  87.0 <>  87.5 |      3 |  1252 |
|  87.5 <>  88.0 |      0 |     0 |
|  88.0 <>  88.5 |      8 |  2956 |
|  88.5 <>  89.0 |      9 |  1812 |
|  89.0 <>  89.5 |      1 |    68 |
|  89.5 <>  90.0 |      6 |  3535 |
|  90.0 <>  90.5 |      1 |    68 |
|  90.5 <>  91.0 |      2 |   136 |
|  91.0 <>  91.5 |     14 | 15460 |
|  91.5 <>  92.0 |     18 |  3610 |
|  92.0 <>  92.5 |      1 |    68 |
|  92.5 <>  93.0 |      9 |  9678 |
|  93.0 <>  93.5 |      2 |   550 |
|  93.5 <>  94.0 |      0 |     0 |
|  94.0 <>  94.5 |     13 | 15392 |
|  94.5 <>  95.0 |      7 |   790 |
|  95.0 <>  95.5 |     10 |  1256 |
|  95.5 <>  96.0 |     11 |   825 |
|  96.0 <>  96.5 |      4 |  1098 |
|  96.5 <>  97.0 |      0 |     0 |
|  97.0 <>  97.5 |      1 |    68 |
|  97.5 <>  98.0 |      1 |    56 |
|  98.0 <>  98.5 |      3 |   205 |
|  98.5 <>  99.0 |     11 |  7249 |
|  99.0 <>  99.5 |     20 |  2056 |
|  99.5 <> 100.0 |      4 |  4128 |
| 100.0 <> 100.5 |      4 |   879 |
| 100.5 <> 101.0 |      0 |     0 |
| 101.0 <> 101.5 |      1 |    68 |
| 101.5 <> 102.0 |      2 |  2830 |
| 102.0 <> 102.5 |      0 |     0 |
| 102.5 <> 103.0 |      6 |  1250 |
| 103.0 <> 103.5 |      0 |     0 |
| 103.5 <> 104.0 |      3 |   327 |
| 104.0 <> 104.5 |      8 |  2200 |
| 104.5 <> 105.0 |      1 |    68 |
| 105.0 <> 105.5 |      1 |    68 |
| 105.5 <> 106.0 |      2 |   136 |
| 106.0 <> 106.5 |      2 |   136 |
| 106.5 <> 107.0 |      3 |   204 |
| 107.0 <> 107.5 |      0 |     0 |
| 107.5 <> 108.0 |      3 |  1010 |
| 108.0 <> 108.5 |      1 |    56 |
| 108.5 <> 109.0 |      3 |   192 |
| 109.0 <> 109.5 |      1 |    68 |
| 109.5 <> 110.0 |      1 |    56 |
| 110.0 <> 110.5 |     11 |   784 |
| 110.5 <> 111.0 |      0 |     0 |
| 111.0 <> 111.5 |     18 | 19605 |
| 111.5 <> 112.0 |      1 |    56 |
| 112.0 <> 112.5 |      2 |  1476 |
| 112.5 <> 113.0 |      4 |   423 |
| 113.0 <> 113.5 |      3 |   220 |
| 113.5 <> 114.0 |      8 |  4719 |
| 114.0 <> 114.5 |      3 |  1580 |
| 114.5 <> 115.0 |      4 |  1924 |
| 115.0 <> 115.5 |      5 |  4392 |
| 115.5 <> 116.0 |      2 |  1516 |
| 116.0 <> 116.5 |      2 |   160 |
| 116.5 <> 117.0 |      5 |  6105 |
| 117.0 <> 117.5 |      1 |    68 |
| 117.5 <> 118.0 |     11 |  2818 |
| 118.0 <> 118.5 |      1 |    68 |
| 118.5 <> 119.0 |      6 |   475 |
| 119.0 <> 119.5 |      4 |  4384 |
| 119.5 <> 120.0 |     21 | 11031 |
| 120.0 <> 120.5 |      8 |   596 |
| 120.5 <> 121.0 |     10 | 13569 |
| 121.0 <> 121.5 |      4 |  3440 |
| 121.5 <> 122.0 |      8 |  6880 |
| 122.0 <> 122.5 |      3 |  1846 |
| 122.5 <> 123.0 |     12 | 13781 |
| 123.0 <> 123.5 |      9 | 12924 |
| 123.5 <> 124.0 |     11 | 15796 |
| 124.0 <> 124.5 |      5 |  5590 |
| 124.5 <> 125.0 |      6 |  5007 |
| 125.0 <> 125.5 |      3 |  1674 |
| 125.5 <> 126.0 |     20 | 16206 |
| 126.0 <> 126.5 |      5 |   356 |
| 126.5 <> 127.0 |     12 |  1192 |
| 127.0 <> 127.5 |      1 |    68 |
| 127.5 <> 128.0 |      4 |   280 |
| 128.0 <> 128.5 |      4 |   632 |
| 128.5 <> 129.0 |      0 |     0 |
| 129.0 <> 129.5 |      0 |     0 |
| 129.5 <> 130.0 |      0 |     0 |
| 130.0 <> 130.5 |      0 |     0 |
| 130.5 <> 131.0 |      1 |    68 |
| 131.0 <> 131.5 |      0 |     0 |
| 131.5 <> 132.0 |      0 |     0 |
| 132.0 <> 132.5 |      5 |   304 |
| 132.5 <> 133.0 |      3 |   192 |
| 133.0 <> 133.5 |      0 |     0 |
| 133.5 <> 134.0 |      0 |     0 |
| 134.0 <> 134.5 |      0 |     0 |
| 134.5 <> 135.0 |      0 |     0 |
| 135.0 <> 135.5 |      0 |     0 |
| 135.5 <> 136.0 |      0 |     0 |
| 136.0 <> 136.5 |      0 |     0 |
| 136.5 <> 137.0 |      0 |     0 |
| 137.0 <> 137.5 |      0 |     0 |
| 137.5 <> 138.0 |      0 |     0 |
| 138.0 <> 138.5 |      0 |     0 |
| 138.5 <> 139.0 |      0 |     0 |
| 139.0 <> 139.5 |      0 |     0 |
| 139.5 <> 140.0 |      0 |     0 |
| 140.0 <> 140.5 |      0 |     0 |
| 140.5 <> 141.0 |      0 |     0 |
| 141.0 <> 141.5 |      0 |     0 |
| 141.5 <> 142.0 |      0 |     0 |
| 142.0 <> 142.5 |      0 |     0 |
| 142.5 <> 143.0 |      0 |     0 |
| 143.0 <> 143.5 |      0 |     0 |
| 143.5 <> 144.0 |      0 |     0 |
| 144.0 <> 144.5 |      0 |     0 |
| 144.5 <> 145.0 |      0 |     0 |
| 145.0 <> 145.5 |      0 |     0 |
| 145.5 <> 146.0 |      0 |     0 |
| 146.0 <> 146.5 |      0 |     0 |
| 146.5 <> 147.0 |      0 |     0 |
| 147.0 <> 147.5 |      0 |     0 |
| 147.5 <> 148.0 |      0 |     0 |
| 148.0 <> 148.5 |      0 |     0 |
| 148.5 <> 149.0 |      0 |     0 |
| 149.0 <> 149.5 |      0 |     0 |
| 149.5 <> 150.0 |      0 |     0 |
| 150.0 <> 150.5 |      0 |     0 |
| 150.5 <> 151.0 |      0 |     0 |
| 151.0 <> 151.5 |      2 |   630 |
| 151.5 <> 152.0 |      0 |     0 |
| 152.0 <> 152.5 |      0 |     0 |
| 152.5 <> 153.0 |      0 |     0 |
| 153.0 <> 153.5 |      0 |     0 |
| 153.5 <> 154.0 |      0 |     0 |
| 154.0 <> 154.5 |      1 |   105 |
| 154.5 <> 155.0 |      0 |     0 |
| 155.0 <> 155.5 |      0 |     0 |
| 155.5 <> 156.0 |      0 |     0 |
| 156.0 <> 156.5 |      0 |     0 |
| 156.5 <> 157.0 |      5 |  5812 |
| 157.0 <> 157.5 |      5 |  7180 |
| 157.5 <> 158.0 |      5 |  1564 |
| 158.0 <> 158.5 |      4 |  4376 |
| 158.5 <> 159.0 |     10 | 14360 |
| 159.0 <> 159.5 |      4 |  4025 |
| 159.5 <> 160.0 |      0 |     0 |
| 160.0 <> 160.5 |      8 |  1269 |
| 160.5 <> 161.0 |     10 |  8379 |
| 161.0 <> 161.5 |      1 |   424 |
| 161.5 <> 162.0 |      4 |  2703 |
| 162.0 <> 162.5 |     27 | 11550 |
| 162.5 <> 163.0 |     53 | 40061 |
| 163.0 <> 163.5 |     52 | 47713 |
| 163.5 <> 164.0 |     33 | 34880 |
| 164.0 <> 164.5 |     49 | 51842 |
| 164.5 <> 165.0 |     40 | 20671 |
| 165.0 <> 165.5 |     18 |  6726 |
| 165.5 <> 166.0 |     31 | 16544 |
| 166.0 <> 166.5 |     31 | 21037 |
| 166.5 <> 167.0 |     32 | 25417 |
| 167.0 <> 167.5 |     18 | 16632 |
| 167.5 <> 168.0 |      1 |  1010 |
| 168.0 <> 168.5 |      4 |   280 |
| 168.5 <> 169.0 |     15 |  1473 |
| 169.0 <> 169.5 |      3 |   669 |
| 169.5 <> 170.0 |      6 |   462 |
| 170.0 <> 170.5 |     12 |  2211 |
| 170.5 <> 171.0 |      0 |     0 |
| 171.0 <> 171.5 |      0 |     0 |
| 171.5 <> 172.0 |      0 |     0 |
| 172.0 <> 172.5 |     13 |  4924 |
| 172.5 <> 173.0 |      3 |   204 |
| 173.0 <> 173.5 |      0 |     0 |
| 173.5 <> 174.0 |      1 |   424 |
| 174.0 <> 174.5 |      0 |     0 |
| 174.5 <> 175.0 |      1 |   205 |
| 175.0 <> 175.5 |      0 |     0 |
| 175.5 <> 176.0 |      0 |     0 |
| 176.0 <> 176.5 |      2 |   136 |
| 176.5 <> 177.0 |      0 |     0 |
| 177.0 <> 177.5 |      0 |     0 |
| 177.5 <> 178.0 |      0 |     0 |
| 178.0 <> 178.5 |      0 |     0 |
| 178.5 <> 179.0 |      0 |     0 |
| 179.0 <> 179.5 |      0 |     0 |
| 179.5 <> 180.0 |      0 |     0 |
| 180.0 <> 180.5 |      0 |     0 |
| 180.5 <> 181.0 |      0 |     0 |
| 181.0 <> 181.5 |      0 |     0 |
| 181.5 <> 182.0 |      0 |     0 |
| 182.0 <> 182.5 |      0 |     0 |
| 182.5 <> 183.0 |      2 |   550 |
| 183.0 <> 183.5 |      1 |    56 |
| 183.5 <> 184.0 |      0 |     0 |
| 184.0 <> 184.5 |      0 |     0 |
| 184.5 <> 185.0 |      8 |  1133 |
| 185.0 <> 185.5 |      4 |  1341 |
| 185.5 <> 186.0 |      4 |  4099 |
| 186.0 <> 186.5 |      1 |  1436 |
| 186.5 <> 187.0 |      0 |     0 |
| 187.0 <> 187.5 |      0 |     0 |
| 187.5 <> 188.0 |      1 |  1436 |
| 188.0 <> 188.5 |      0 |     0 |
| 188.5 <> 189.0 |      0 |     0 |
| 189.0 <> 189.5 |      0 |     0 |
| 189.5 <> 190.0 |      2 |  1860 |
| 190.0 <> 190.5 |      2 |  2595 |
| 190.5 <> 191.0 |      0 |     0 |
| 191.0 <> 191.5 |      0 |     0 |
| 191.5 <> 192.0 |      0 |     0 |
| 192.0 <> 192.5 |      1 |    68 |
| 192.5 <> 193.0 |      0 |     0 |
| 193.0 <> 193.5 |      0 |     0 |
| 193.5 <> 194.0 |      0 |     0 |
| 194.0 <> 194.5 |      0 |     0 |
| 194.5 <> 195.0 |      0 |     0 |
| 195.0 <> 195.5 |      0 |     0 |
| 195.5 <> 196.0 |      0 |     0 |
| 196.0 <> 196.5 |      0 |     0 |
| 196.5 <> 197.0 |      0 |     0 |
| 197.0 <> 197.5 |      0 |     0 |
| 197.5 <> 198.0 |      0 |     0 |
| 198.0 <> 198.5 |      0 |     0 |
| 198.5 <> 199.0 |      0 |     0 |
| 199.0 <> 199.5 |      0 |     0 |
| 199.5 <> 200.0 |      0 |     0 |
| 200.0 <> 200.5 |      0 |     0 |
| 200.5 <> 201.0 |      0 |     0 |
| 201.0 <> 201.5 |      0 |     0 |
| 201.5 <> 202.0 |      5 |  2180 |
| 202.0 <> 202.5 |      1 |   424 |
| 202.5 <> 203.0 |      0 |     0 |
| 203.0 <> 203.5 |      3 |   168 |
| 203.5 <> 204.0 |      0 |     0 |
| 204.0 <> 204.5 |      0 |     0 |
| 204.5 <> 205.0 |      0 |     0 |
| 205.0 <> 205.5 |      0 |     0 |
| 205.5 <> 206.0 |      0 |     0 |
| 206.0 <> 206.5 |      0 |     0 |
| 206.5 <> 207.0 |      0 |     0 |
| 207.0 <> 207.5 |     13 | 18668 |
| 207.5 <> 208.0 |     12 | 16944 |
| 208.0 <> 208.5 |      0 |     0 |
| 208.5 <> 209.0 |      1 |    76 |
| 209.0 <> 209.5 |      1 |   967 |
| 209.5 <> 210.0 |     12 |  6775 |
| 210.0 <> 210.5 |      4 |   660 |
| 210.5 <> 211.0 |      2 |   366 |
| 211.0 <> 211.5 |      4 |  2257 |
| 211.5 <> 212.0 |      0 |     0 |
| 212.0 <> 212.5 |      0 |     0 |
| 212.5 <> 213.0 |      0 |     0 |
| 213.0 <> 213.5 |      0 |     0 |
| 213.5 <> 214.0 |      0 |     0 |
| 214.0 <> 214.5 |      0 |     0 |
| 214.5 <> 215.0 |      0 |     0 |
| 215.0 <> 215.5 |      0 |     0 |
| 215.5 <> 216.0 |      1 |    68 |
| 216.0 <> 216.5 |      3 |  1472 |
| 216.5 <> 217.0 |      9 |  1387 |
| 217.0 <> 217.5 |      3 |   467 |
| 217.5 <> 218.0 |      2 |   190 |
| 218.0 <> 218.5 |      4 |   694 |
| 218.5 <> 219.0 |      0 |     0 |
| 219.0 <> 219.5 |      0 |     0 |
| 219.5 <> 220.0 |      0 |     0 |
| 220.0 <> 220.5 |      0 |     0 |
| 220.5 <> 221.0 |      0 |     0 |
| 221.0 <> 221.5 |      0 |     0 |
| 221.5 <> 222.0 |      0 |     0 |
| 222.0 <> 222.5 |      0 |     0 |
| 222.5 <> 223.0 |      0 |     0 |
| 223.0 <> 223.5 |      0 |     0 |
| 223.5 <> 224.0 |      0 |     0 |
| 224.0 <> 224.5 |      0 |     0 |
| 224.5 <> 225.0 |      0 |     0 |
| 225.0 <> 225.5 |      0 |     0 |
| 225.5 <> 226.0 |      0 |     0 |
| 226.0 <> 226.5 |      0 |     0 |
| 226.5 <> 227.0 |      0 |     0 |
| 227.0 <> 227.5 |      0 |     0 |
| 227.5 <> 228.0 |      0 |     0 |
| 228.0 <> 228.5 |      0 |     0 |
| 228.5 <> 229.0 |      0 |     0 |
| 229.0 <> 229.5 |     11 |  1562 |
| 229.5 <> 230.0 |     14 |  2957 |
| 230.0 <> 230.5 |      9 |   938 |
| 230.5 <> 231.0 |      0 |     0 |
| 231.0 <> 231.5 |      0 |     0 |
| 231.5 <> 232.0 |      0 |     0 |
| 232.0 <> 232.5 |      0 |     0 |
| 232.5 <> 233.0 |      0 |     0 |
| 233.0 <> 233.5 |      0 |     0 |
| 233.5 <> 234.0 |      1 |    56 |
| 234.0 <> 234.5 |      0 |     0 |
| 234.5 <> 235.0 |      0 |     0 |
| 235.0 <> 235.5 |      0 |     0 |
| 235.5 <> 236.0 |      0 |     0 |
| 236.0 <> 236.5 |      5 |  1450 |
| 236.5 <> 237.0 |      5 |   468 |
| 237.0 <> 237.5 |      0 |     0 |
| 237.5 <> 238.0 |      0 |     0 |
| 238.0 <> 238.5 |      0 |     0 |
| 238.5 <> 239.0 |      0 |     0 |
| 239.0 <> 239.5 |      0 |     0 |
| 239.5 <> 240.0 |      0 |     0 |
| 240.0 <> 240.5 |      0 |     0 |
| 240.5 <> 241.0 |      0 |     0 |
| 241.0 <> 241.5 |      0 |     0 |
| 241.5 <> 242.0 |      0 |     0 |
| 242.0 <> 242.5 |      0 |     0 |
| 242.5 <> 243.0 |      0 |     0 |
| 243.0 <> 243.5 |      0 |     0 |
| 243.5 <> 244.0 |      0 |     0 |
| 244.0 <> 244.5 |      0 |     0 |
| 244.5 <> 245.0 |      0 |     0 |
| 245.0 <> 245.5 |      0 |     0 |
| 245.5 <> 246.0 |      0 |     0 |
| 246.0 <> 246.5 |      0 |     0 |
| 246.5 <> 247.0 |      0 |     0 |
| 247.0 <> 247.5 |      0 |     0 |
| 247.5 <> 248.0 |      1 |   424 |
| 248.0 <> 248.5 |      0 |     0 |
| 248.5 <> 249.0 |      0 |     0 |
| 249.0 <> 249.5 |      0 |     0 |
| 249.5 <> 250.0 |      0 |     0 |
| 250.0 <> 250.5 |      0 |     0 |
| 250.5 <> 251.0 |      1 |   424 |
| 251.0 <> 251.5 |      0 |     0 |
| 251.5 <> 252.0 |      0 |     0 |
| 252.0 <> 252.5 |      0 |     0 |
| 252.5 <> 253.0 |      1 |    68 |
| 253.0 <> 253.5 |      1 |    68 |
| 253.5 <> 254.0 |      0 |     0 |
| 254.0 <> 254.5 |      0 |     0 |
| 254.5 <> 255.0 |      0 |     0 |
| 255.0 <> 255.5 |      0 |     0 |
| 255.5 <> 256.0 |      0 |     0 |
| 256.0 <> 256.5 |      0 |     0 |
| 256.5 <> 257.0 |      0 |     0 |
| 257.0 <> 257.5 |      0 |     0 |
| 257.5 <> 258.0 |      0 |     0 |
| 258.0 <> 258.5 |      0 |     0 |
| 258.5 <> 259.0 |      0 |     0 |
| 259.0 <> 259.5 |      0 |     0 |
| 259.5 <> 260.0 |      0 |     0 |
| 260.0 <> 260.5 |      0 |     0 |
| 260.5 <> 261.0 |      0 |     0 |
| 261.0 <> 261.5 |      0 |     0 |
| 261.5 <> 262.0 |      0 |     0 |
| 262.0 <> 262.5 |      0 |     0 |
| 262.5 <> 263.0 |      0 |     0 |
| 263.0 <> 263.5 |      1 |   424 |
| 263.5 <> 264.0 |      0 |     0 |
| 264.0 <> 264.5 |      0 |     0 |
| 264.5 <> 265.0 |      0 |     0 |
| 265.0 <> 265.5 |      0 |     0 |
| 265.5 <> 266.0 |      0 |     0 |
| 266.0 <> 266.5 |      0 |     0 |
| 266.5 <> 267.0 |      0 |     0 |
| 267.0 <> 267.5 |      0 |     0 |
| 267.5 <> 268.0 |      0 |     0 |
| 268.0 <> 268.5 |      0 |     0 |
| 268.5 <> 269.0 |      0 |     0 |
| 269.0 <> 269.5 |      0 |     0 |
| 269.5 <> 270.0 |      0 |     0 |
| 270.0 <> 270.5 |      0 |     0 |
| 270.5 <> 271.0 |      0 |     0 |
| 271.0 <> 271.5 |      0 |     0 |
| 271.5 <> 272.0 |      0 |     0 |
| 272.0 <> 272.5 |      0 |     0 |
| 272.5 <> 273.0 |      0 |     0 |
| 273.0 <> 273.5 |      0 |     0 |
| 273.5 <> 274.0 |      0 |     0 |
| 274.0 <> 274.5 |      0 |     0 |
| 274.5 <> 275.0 |      0 |     0 |
| 275.0 <> 275.5 |      0 |     0 |
| 275.5 <> 276.0 |      0 |     0 |
| 276.0 <> 276.5 |      0 |     0 |
| 276.5 <> 277.0 |      0 |     0 |
| 277.0 <> 277.5 |      0 |     0 |
| 277.5 <> 278.0 |      0 |     0 |
| 278.0 <> 278.5 |      1 |   424 |
| 278.5 <> 279.0 |      0 |     0 |
| 279.0 <> 279.5 |      0 |     0 |
| 279.5 <> 280.0 |      0 |     0 |
| 280.0 <> 280.5 |      0 |     0 |
| 280.5 <> 281.0 |      0 |     0 |
| 281.0 <> 281.5 |      0 |     0 |
| 281.5 <> 282.0 |      0 |     0 |
| 282.0 <> 282.5 |      0 |     0 |
| 282.5 <> 283.0 |      0 |     0 |
| 283.0 <> 283.5 |      1 |    68 |
| 283.5 <> 284.0 |      0 |     0 |
| 284.0 <> 284.5 |      0 |     0 |
| 284.5 <> 285.0 |      0 |     0 |
| 285.0 <> 285.5 |      1 |    68 |
| 285.5 <> 286.0 |      0 |     0 |
| 286.0 <> 286.5 |      0 |     0 |
| 286.5 <> 287.0 |      0 |     0 |
| 287.0 <> 287.5 |      0 |     0 |
| 287.5 <> 288.0 |      0 |     0 |
| 288.0 <> 288.5 |      0 |     0 |
| 288.5 <> 289.0 |      2 |   173 |
| 289.0 <> 289.5 |      0 |     0 |
| 289.5 <> 290.0 |      0 |     0 |
| 290.0 <> 290.5 |      0 |     0 |
| 290.5 <> 291.0 |      0 |     0 |
| 291.0 <> 291.5 |      0 |     0 |
| 291.5 <> 292.0 |      0 |     0 |
| 292.0 <> 292.5 |      0 |     0 |
| 292.5 <> 293.0 |      0 |     0 |
| 293.0 <> 293.5 |      1 |   424 |
| 293.5 <> 294.0 |      0 |     0 |
| 294.0 <> 294.5 |      0 |     0 |
| 294.5 <> 295.0 |      0 |     0 |
| 295.0 <> 295.5 |      0 |     0 |
| 295.5 <> 296.0 |      0 |     0 |
| 296.0 <> 296.5 |      0 |     0 |
| 296.5 <> 297.0 |      0 |     0 |
| 297.0 <> 297.5 |      1 |   366 |
| 297.5 <> 298.0 |      0 |     0 |
| 298.0 <> 298.5 |      0 |     0 |
| 298.5 <> 299.0 |      0 |     0 |
| 299.0 <> 299.5 |      0 |     0 |
| 299.5 <> 300.0 |      0 |     0 |
| 300.0 <> 300.5 |      0 |     0 |
| 300.5 <> 301.0 |      0 |     0 |
| 301.0 <> 301.5 |      0 |     0 |
| 301.5 <> 302.0 |      0 |     0 |
| 302.0 <> 302.5 |      1 |    68 |
| 302.5 <> 303.0 |      1 |    78 |
| 303.0 <> 303.5 |      0 |     0 |
| 303.5 <> 304.0 |      2 |   136 |
| 304.0 <> 304.5 |      0 |     0 |
| 304.5 <> 305.0 |      0 |     0 |
| 305.0 <> 305.5 |      0 |     0 |
| 305.5 <> 306.0 |      0 |     0 |
| 306.0 <> 306.8 |      0 |     0 |
===================================
