
===================================
| IO Statistics                   |
|                                 |
| Interval size: 0.5 secs         |
| Col 1: Frames and bytes         |
|---------------------------------|
|                |1               |
| Interval
| Interval       | Frames | Bytes |
|---------------------------------|
|   0.0 <>   0.5 |      1 |    76 |
|   0.5 <>   1.0 |      0 |     0 |
|   1.0 <>   1.5 |      0 |     0 |
|   1.5 <>   2.0 |      0 |     0 |
|   2.0 <>   2.5 |      0 |     0 |
|   2.5 <>   3.0 |      0 |     0 |
|   3.0 <>   3.5 |      2 |   152 |
|   3.5 <>   4.0 |      0 |     0 |
|   4.0 <>   4.5 |      0 |     0 |
|   4.5 <>   5.0 |      7 |   688 |
|   5.0 <>   5.5 |      1 |    68 |
|   5.5 <>   6.0 |      0 |     0 |
|   6.0 <>   6.5 |      2 |  1504 |
|   6.5 <>   7.0 |      7 |  1652 |
|   7.0 <>   7.5 |      0 |     0 |
|   7.5 <>   8.0 |      5 |  2174 |
|   8.0 <>   8.5 |     12 |  1532 |
|   8.5 <>   9.0 |      6 |  2427 |
|   9.0 <>   9.5 |      5 |  1278 |
|   9.5 <>  10.0 |     10 |   935 |
|  10.0 <>  10.5 |      6 |  2427 |
|  10.5 <>  11.0 |      3 |   678 |
|  11.0 <>  11.5 |     12 |  1539 |
|  11.5 <>  12.0 |      6 |  2427 |
|  12.0 <>  12.5 |      3 |   684 |
|  12.5 <>  13.0 |      4 |   704 |
|  13.0 <>  13.5 |      4 |   272 |
|  13.5 <>  14.0 |      1 |    76 |
|  14.0 <>  14.5 |      3 |   424 |
|  14.5 <>  15.0 |      9 |  3110 |
|  15.0 <>  15.5 |      8 |  1045 |
|  15.5 <>  16.0 |     10 |  2919 |
|  16.0 <>  16.5 |     11 |  1722 |
|  16.5 <>  17.0 |     16 |  5847 |
|  17.0 <>  17.5 |     71 | 30357 |
|  17.5 <>  18.0 |     48 | 17284 |
|  18.0 <>  18.5 |     46 |  7074 |
|  18.5 <>  19.0 |     71 |  7705 |
|  19.0 <>  19.5 |     25 |  4816 |
|  19.5 <>  20.0 |     14 |  1276 |
|  20.0 <>  20.5 |     14 |  1701 |
|  20.5 <>  21.0 |      7 |  2493 |
|  21.0 <>  21.5 |     14 |  2700 |
|  21.5 <>  22.0 |     16 |  3662 |
|  22.0 <>  22.5 |     15 |  2603 |
|  22.5 <>  23.0 |     20 |  1812 |
|  23.0 <>  23.5 |     18 |  1789 |
|  23.5 <>  24.0 |     17 |  2255 |
|  24.0 <>  24.5 |     40 |  3888 |
|  24.5 <>  25.0 |      4 |   300 |
|  25.0 <>  25.5 |     55 |  7612 |
|  25.5 <>  26.0 |      9 |  1806 |
|  26.0 <>  26.5 |      3 |  1055 |
|  26.5 <>  27.0 |      6 |   456 |
|  27.0 <>  27.5 |     12 |  6288 |
|  27.5 <>  28.0 |      2 |  1504 |
|  28.0 <>  28.5 |     15 |  4211 |
|  28.5 <>  29.0 |      4 |  1656 |
|  29.0 <>  29.5 |     34 |  8238 |
|  29.5 <>  30.0 |     45 |  6293 |
|  30.0 <>  30.5 |     56 |  8138 |
|  30.5 <>  31.0 |     22 |  7077 |
|  31.0 <>  31.5 |      7 |  3123 |
|  31.5 <>  32.0 |     33 |  3976 |
|  32.0 <>  32.5 |     10 |  2427 |
|  32.5 <>  33.0 |     10 |  5523 |
|  33.0 <>  33.5 |      6 |  1792 |
|  33.5 <>  34.0 |     13 |  3863 |
|  34.0 <>  34.5 |      5 |   406 |
|  34.5 <>  35.0 |      7 |   708 |
|  35.0 <>  35.5 |     15 |  1969 |
|  35.5 <>  36.0 |     23 |  3705 |
|  36.0 <>  36.5 |      9 |  2349 |
|  36.5 <>  37.0 |      3 |  1047 |
|  37.0 <>  37.5 |      4 |  1132 |
|  37.5 <>  38.0 |      1 |    76 |
|  38.0 <>  38.5 |     40 | 10589 |
|  38.5 <>  39.0 |     12 |  3840 |
|  39.0 <>  39.5 |     11 |  3225 |
|  39.5 <>  40.0 |      0 |     0 |
|  40.0 <>  40.5 |      6 |  1379 |
|  40.5 <>  41.0 |      6 |   485 |
|  41.0 <>  41.5 |     12 |  3904 |
|  41.5 <>  42.0 |     13 |  2280 |
|  42.0 <>  42.5 |      9 |  2763 |
|  42.5 <>  43.0 |      9 |  1365 |
|  43.0 <>  43.5 |      3 |   220 |
|  43.5 <>  44.0 |     31 | 15975 |
|  44.0 <>  44.5 |     19 |  2115 |
|  44.5 <>  45.0 |     16 |  4098 |
|  45.0 <>  45.5 |     10 |  2517 |
|  45.5 <>  46.0 |     12 |  3956 |
|  46.0 <>  46.5 |      0 |     0 |
|  46.5 <>  47.0 |      2 |   152 |
|  47.0 <>  47.5 |      4 |  1164 |
|  47.5 <>  48.0 |     10 |  1767 |
|  48.0 <>  48.5 |      8 |  2059 |
|  48.5 <>  49.0 |     10 |  6457 |
|  49.0 <>  49.5 |     12 |  3540 |
|  49.5 <>  50.0 |      3 |  2341 |
|  50.0 <>  50.5 |     29 |  5181 |
|  50.5 <>  51.0 |     19 |  3221 |
|  51.0 <>  51.5 |     24 |  5728 |
|  51.5 <>  52.0 |     24 |  3684 |
|  52.0 <>  52.5 |     10 |   740 |
|  52.5 <>  53.0 |     17 |  3650 |
|  53.0 <>  53.5 |     15 |  2482 |
|  53.5 <>  54.0 |     10 |   744 |
|  54.0 <>  54.5 |      6 |   438 |
|  54.5 <>  55.0 |      4 |   272 |
|  55.0 <>  55.5 |      2 |   185 |
|  55.5 <>  56.0 |      5 |  1458 |
|  56.0 <>  56.5 |      5 |   340 |
|  56.5 <>  57.0 |     14 |  3745 |
|  57.0 <>  57.5 |     20 |  6916 |
|  57.5 <>  58.0 |      2 |   144 |
|  58.0 <>  58.5 |      7 |   476 |
|  58.5 <>  59.0 |     13 |  2544 |
|  59.0 <>  59.5 |      8 |   634 |
|  59.5 <>  60.0 |      2 |   152 |
|  60.0 <>  60.5 |      6 |   481 |
|  60.5 <>  61.0 |      3 |   235 |
|  61.0 <>  61.5 |     10 |  2570 |
|  61.5 <>  62.0 |      8 |  1470 |
|  62.0 <>  62.5 |     12 |   924 |
|  62.5 <>  63.0 |      7 |  2182 |
|  63.0 <>  63.5 |      7 |   666 |
|  63.5 <>  64.0 |     26 |  2515 |
|  64.0 <>  64.5 |     16 |  2023 |
|  64.5 <>  65.0 |     17 |  2141 |
|  65.0 <>  65.5 |     26 |  2714 |
|  65.5 <>  66.0 |     18 |  3766 |
|  66.0 <>  66.5 |     12 |  1655 |
|  66.5 <>  67.0 |      1 |    76 |
|  67.0 <>  67.5 |     31 | 12969 |
|  67.5 <>  68.0 |      2 |   594 |
|  68.0 <>  68.5 |      2 |   975 |
|  68.5 <>  69.0 |      3 |   204 |
|  69.0 <>  69.5 |     12 |   834 |
|  69.5 <>  70.0 |      5 |   340 |
|  70.0 <>  70.5 |     10 |   691 |
|  70.5 <>  71.0 |      2 |   967 |
|  71.0 <>  71.5 |      5 |  2623 |
|  71.5 <>  72.0 |      7 |  2113 |
|  72.0 <>  72.5 |      3 |  2915 |
|  72.5 <>  73.0 |      9 |  1394 |
|  73.0 <>  73.5 |      2 |   136 |
|  73.5 <>  74.0 |     23 | 15400 |
|  74.0 <>  74.5 |      9 |  1437 |
|  74.5 <>  75.0 |     20 |  2650 |
|  75.0 <>  75.5 |      6 |   853 |
|  75.5 <>  76.0 |      2 |   144 |
|  76.0 <>  76.5 |      0 |     0 |
|  76.5 <>  77.0 |      2 |   144 |
|  77.0 <>  77.5 |      2 |   144 |
|  77.5 <>  78.0 |     12 |  1282 |
|  78.0 <>  78.5 |     11 |   817 |
|  78.5 <>  79.0 |      9 |  1018 |
|  79.0 <>  79.5 |      2 |   157 |
|  79.5 <>  80.0 |      6 |   408 |
|  80.0 <>  80.5 |     19 |  7672 |
|  80.5 <>  81.0 |     23 |  4856 |
|  81.0 <>  81.5 |     12 |   853 |
|  81.5 <>  82.0 |     30 |  3187 |
|  82.0 <>  82.5 |     13 |  1640 |
|  82.5 <>  83.0 |     26 |  4462 |
|  83.0 <>  83.5 |      6 |   468 |
|  83.5 <>  84.0 |     16 |  1196 |
|  84.0 <>  84.5 |      1 |    89 |
|  84.5 <>  85.0 |      9 |  1006 |
|  85.0 <>  85.5 |      7 |  1268 |
|  85.5 <>  86.0 |      2 |   538 |
|  86.0 <>  86.5 |     13 |  1652 |
|  86.5 <>  87.0 |     20 |  2880 |
|  87.0 <>  87.5 |     12 |  3538 |
|  87.5 <>  88.0 |      2 |  1041 |
|  88.0 <>  88.5 |     14 |  4127 |
|  88.5 <>  89.0 |     14 |  2128 |
|  89.0 <>  89.5 |      3 |   237 |
|  89.5 <>  90.0 |     12 |  3931 |
|  90.0 <>  90.5 |      5 |   376 |
|  90.5 <>  91.0 |      5 |   348 |
|  91.0 <>  91.5 |     28 | 16388 |
|  91.5 <>  92.0 |     26 |  4082 |
|  92.0 <>  92.5 |      1 |    68 |
|  92.5 <>  93.0 |     19 | 10408 |
|  93.0 <>  93.5 |      3 |   606 |
|  93.5 <>  94.0 |      0 |     0 |
|  94.0 <>  94.5 |     26 | 16153 |
|  94.5 <>  95.0 |     17 |  4685 |
|  95.0 <>  95.5 |     18 |  1824 |
|  95.5 <>  96.0 |     21 |  1565 |
|  96.0 <>  96.5 |      9 |  1474 |
|  96.5 <>  97.0 |      1 |    76 |
|  97.0 <>  97.5 |      2 |   136 |
|  97.5 <>  98.0 |      1 |    56 |
|  98.0 <>  98.5 |      5 |  1637 |
|  98.5 <>  99.0 |     19 |  7733 |
|  99.0 <>  99.5 |     37 |  3221 |
|  99.5 <> 100.0 |      8 |  5013 |
| 100.0 <> 100.5 |      9 |  1855 |
| 100.5 <> 101.0 |      3 |   204 |
| 101.0 <> 101.5 |      1 |    68 |
| 101.5 <> 102.0 |      4 |  2966 |
| 102.0 <> 102.5 |      0 |     0 |
| 102.5 <> 103.0 |      9 |  1490 |
| 103.0 <> 103.5 |      1 |   720 |
| 103.5 <> 104.0 |      3 |   327 |
| 104.0 <> 104.5 |     19 |  2913 |
| 104.5 <> 105.0 |      3 |   204 |
| 105.0 <> 105.5 |      2 |   136 |
| 105.5 <> 106.0 |      7 |   476 |
| 106.0 <> 106.5 |      3 |   204 |
| 106.5 <> 107.0 |      6 |   408 |
| 107.0 <> 107.5 |      2 |   152 |
| 107.5 <> 108.0 |      3 |  1010 |
| 108.0 <> 108.5 |      1 |    56 |
| 108.5 <> 109.0 |      6 |  1055 |
| 109.0 <> 109.5 |      2 |   136 |
| 109.5 <> 110.0 |      3 |   804 |
| 110.0 <> 110.5 |     22 |  2209 |
| 110.5 <> 111.0 |      0 |     0 |
| 111.0 <> 111.5 |     34 | 20561 |
| 111.5 <> 112.0 |      1 |    56 |
| 112.0 <> 112.5 |      4 |  1628 |
| 112.5 <> 113.0 |     17 |  3949 |
| 113.0 <> 113.5 |     10 |  3954 |
| 113.5 <> 114.0 |     17 |  6651 |
| 114.0 <> 114.5 |      5 |  1740 |
| 114.5 <> 115.0 |      9 |  3573 |
| 115.0 <> 115.5 |     12 |  4941 |
| 115.5 <> 116.0 |      3 |  1596 |
| 116.0 <> 116.5 |      2 |   160 |
| 116.5 <> 117.0 |     11 |  7350 |
| 117.0 <> 117.5 |      1 |    68 |
| 117.5 <> 118.0 |     28 |  4022 |
| 118.0 <> 118.5 |      8 |   592 |
| 118.5 <> 119.0 |     12 |   895 |
| 119.0 <> 119.5 |      7 |  4600 |
| 119.5 <> 120.0 |     39 | 15482 |
| 120.0 <> 120.5 |     15 |  1096 |
| 120.5 <> 121.0 |     15 | 13909 |
| 121.0 <> 121.5 |      9 |  4149 |
| 121.5 <> 122.0 |     15 |  7714 |
| 122.0 <> 122.5 |      5 |  1982 |
| 122.5 <> 123.0 |     23 | 15211 |
| 123.0 <> 123.5 |     18 | 13428 |
| 123.5 <> 124.0 |     22 | 16532 |
| 124.0 <> 124.5 |     12 |  6018 |
| 124.5 <> 125.0 |     22 |  6823 |
| 125.0 <> 125.5 |     12 |  3330 |
| 125.5 <> 126.0 |     38 | 18402 |
| 126.0 <> 126.5 |     10 |   720 |
| 126.5 <> 127.0 |     23 |  1952 |
| 127.0 <> 127.5 |      2 |   124 |
| 127.5 <> 128.0 |      7 |   496 |
| 128.0 <> 128.5 |      8 |   904 |
| 128.5 <> 129.0 |      0 |     0 |
| 129.0 <> 129.5 |      0 |     0 |
| 129.5 <> 130.0 |      0 |     0 |
| 130.0 <> 130.5 |      0 |     0 |
| 130.5 <> 131.0 |      4 |   272 |
| 131.0 <> 131.5 |      0 |     0 |
| 131.5 <> 132.0 |      4 |   236 |
| 132.0 <> 132.5 |     10 |   608 |
| 132.5 <> 133.0 |      9 |   576 |
| 133.0 <> 133.5 |      0 |     0 |
| 133.5 <> 134.0 |      0 |     0 |
| 134.0 <> 134.5 |      0 |     0 |
| 134.5 <> 135.0 |      0 |     0 |
| 135.0 <> 135.5 |      0 |     0 |
| 135.5 <> 136.0 |      0 |     0 |
| 136.0 <> 136.5 |      0 |     0 |
| 136.5 <> 137.0 |      0 |     0 |
| 137.0 <> 137.5 |      0 |     0 |
| 137.5 <> 138.0 |      0 |     0 |
| 138.0 <> 138.5 |      0 |     0 |
| 138.5 <> 139.0 |      0 |     0 |
| 139.0 <> 139.5 |      0 |     0 |
| 139.5 <> 140.0 |      0 |     0 |
| 140.0 <> 140.5 |      0 |     0 |
| 140.5 <> 141.0 |      0 |     0 |
| 141.0 <> 141.5 |      0 |     0 |
| 141.5 <> 142.0 |      0 |     0 |
| 142.0 <> 142.5 |      0 |     0 |
| 142.5 <> 143.0 |      0 |     0 |
| 143.0 <> 143.5 |      0 |     0 |
| 143.5 <> 144.0 |      0 |     0 |
| 144.0 <> 144.5 |      0 |     0 |
| 144.5 <> 145.0 |      0 |     0 |
| 145.0 <> 145.5 |      0 |     0 |
| 145.5 <> 146.0 |      0 |     0 |
| 146.0 <> 146.5 |      0 |     0 |
| 146.5 <> 147.0 |      0 |     0 |
| 147.0 <> 147.5 |      0 |     0 |
| 147.5 <> 148.0 |      0 |     0 |
| 148.0 <> 148.5 |      0 |     0 |
| 148.5 <> 149.0 |      0 |     0 |
| 149.0 <> 149.5 |      0 |     0 |
| 149.5 <> 150.0 |      0 |     0 |
| 150.0 <> 150.5 |      0 |     0 |
| 150.5 <> 151.0 |      0 |     0 |
| 151.0 <> 151.5 |      4 |   778 |
| 151.5 <> 152.0 |      0 |     0 |
| 152.0 <> 152.5 |      0 |     0 |
| 152.5 <> 153.0 |      0 |     0 |
| 153.0 <> 153.5 |      0 |     0 |
| 153.5 <> 154.0 |      1 |   105 |
| 154.0 <> 154.5 |      2 |   173 |
| 154.5 <> 155.0 |      0 |     0 |
| 155.0 <> 155.5 |      0 |     0 |
| 155.5 <> 156.0 |      0 |     0 |
| 156.0 <> 156.5 |      1 |   391 |
| 156.5 <> 157.0 |      9 |  6084 |
| 157.0 <> 157.5 |     11 |  7613 |
| 157.5 <> 158.0 |     11 |  2327 |
| 158.0 <> 158.5 |      7 |  4580 |
| 158.5 <> 159.0 |     20 | 15040 |
| 159.0 <> 159.5 |     29 | 10425 |
| 159.5 <> 160.0 |      5 |   386 |
| 160.0 <> 160.5 |     24 |  2755 |
| 160.5 <> 161.0 |     28 | 12155 |
| 161.0 <> 161.5 |     16 |  1472 |
| 161.5 <> 162.0 |     12 |  3559 |
| 162.0 <> 162.5 |     60 | 14839 |
| 162.5 <> 163.0 |    111 | 45793 |
| 163.0 <> 163.5 |     91 | 50915 |
| 163.5 <> 164.0 |     73 | 37917 |
| 164.0 <> 164.5 |    112 | 56962 |
| 164.5 <> 165.0 |     91 | 25199 |
| 165.0 <> 165.5 |     39 |  9316 |
| 165.5 <> 166.0 |     58 | 19987 |
| 166.0 <> 166.5 |     57 | 23800 |
| 166.5 <> 167.0 |     63 | 27936 |
| 167.0 <> 167.5 |     32 | 18080 |
| 167.5 <> 168.0 |     11 |  1690 |
| 168.0 <> 168.5 |      8 |   564 |
| 168.5 <> 169.0 |     28 |  2397 |
| 169.0 <> 169.5 |      9 |  1123 |
| 169.5 <> 170.0 |     24 |  1695 |
| 170.0 <> 170.5 |     22 |  2867 |
| 170.5 <> 171.0 |      2 |   466 |
| 171.0 <> 171.5 |      0 |     0 |
| 171.5 <> 172.0 |      6 |   408 |
| 172.0 <> 172.5 |     27 |  6297 |
| 172.5 <> 173.0 |      6 |   408 |
| 173.0 <> 173.5 |      1 |   971 |
| 173.5 <> 174.0 |      2 |   492 |
| 174.0 <> 174.5 |      1 |    82 |
| 174.5 <> 175.0 |      3 |   341 |
| 175.0 <> 175.5 |      0 |     0 |
| 175.5 <> 176.0 |      0 |     0 |
| 176.0 <> 176.5 |      4 |   272 |
| 176.5 <> 177.0 |      0 |     0 |
| 177.0 <> 177.5 |      0 |     0 |
| 177.5 <> 178.0 |      0 |     0 |
| 178.0 <> 178.5 |      2 |   136 |
| 178.5 <> 179.0 |      1 |    68 |
| 179.0 <> 179.5 |      0 |     0 |
| 179.5 <> 180.0 |      0 |     0 |
| 180.0 <> 180.5 |      0 |     0 |
| 180.5 <> 181.0 |      1 |    68 |
| 181.0 <> 181.5 |      0 |     0 |
| 181.5 <> 182.0 |      0 |     0 |
| 182.0 <> 182.5 |      0 |     0 |
| 182.5 <> 183.0 |      6 |   838 |
| 183.0 <> 183.5 |      1 |    56 |
| 183.5 <> 184.0 |      0 |     0 |
| 184.0 <> 184.5 |      0 |     0 |
| 184.5 <> 185.0 |     16 |  2274 |
| 185.0 <> 185.5 |      9 |  2069 |
| 185.5 <> 186.0 |      8 |  5274 |
| 186.0 <> 186.5 |      2 |  1516 |
| 186.5 <> 187.0 |      0 |     0 |
| 187.0 <> 187.5 |      0 |     0 |
| 187.5 <> 188.0 |      2 |  1516 |
| 188.0 <> 188.5 |      0 |     0 |
| 188.5 <> 189.0 |      0 |     0 |
| 189.0 <> 189.5 |      0 |     0 |
| 189.5 <> 190.0 |      5 |  2076 |
| 190.0 <> 190.5 |      4 |  2755 |
| 190.5 <> 191.0 |      0 |     0 |
| 191.0 <> 191.5 |      0 |     0 |
| 191.5 <> 192.0 |      0 |     0 |
| 192.0 <> 192.5 |      2 |   136 |
| 192.5 <> 193.0 |      0 |     0 |
| 193.0 <> 193.5 |      0 |     0 |
| 193.5 <> 194.0 |      0 |     0 |
| 194.0 <> 194.5 |      0 |     0 |
| 194.5 <> 195.0 |      0 |     0 |
| 195.0 <> 195.5 |      0 |     0 |
| 195.5 <> 196.0 |      0 |     0 |
| 196.0 <> 196.5 |      0 |     0 |
| 196.5 <> 197.0 |      0 |     0 |
| 197.0 <> 197.5 |      1 |   870 |
| 197.5 <> 198.0 |      0 |     0 |
| 198.0 <> 198.5 |      0 |     0 |
| 198.5 <> 199.0 |      0 |     0 |
| 199.0 <> 199.5 |      0 |     0 |
| 199.5 <> 200.0 |      3 |   272 |
| 200.0 <> 200.5 |      0 |     0 |
| 200.5 <> 201.0 |      0 |     0 |
| 201.0 <> 201.5 |      0 |     0 |
| 201.5 <> 202.0 |      9 |  3355 |
| 202.0 <> 202.5 |      2 |   492 |
| 202.5 <> 203.0 |      3 |   236 |
| 203.0 <> 203.5 |      4 |   224 |
| 203.5 <> 204.0 |      0 |     0 |
| 204.0 <> 204.5 |      0 |     0 |
| 204.5 <> 205.0 |      0 |     0 |
| 205.0 <> 205.5 |      0 |     0 |
| 205.5 <> 206.0 |      0 |     0 |
| 206.0 <> 206.5 |      0 |     0 |
| 206.5 <> 207.0 |      1 |   843 |
| 207.0 <> 207.5 |     26 | 19552 |
| 207.5 <> 208.0 |     23 | 17692 |
| 208.0 <> 208.5 |      0 |     0 |
| 208.5 <> 209.0 |      5 |  1878 |
| 209.0 <> 209.5 |      2 |  1035 |
| 209.5 <> 210.0 |     26 |  7858 |
| 210.0 <> 210.5 |      8 |   976 |
| 210.5 <> 211.0 |      6 |  2444 |
| 211.0 <> 211.5 |      8 |  2550 |
| 211.5 <> 212.0 |      0 |     0 |
| 212.0 <> 212.5 |      0 |     0 |
| 212.5 <> 213.0 |      0 |     0 |
| 213.0 <> 213.5 |      0 |     0 |
| 213.5 <> 214.0 |      0 |     0 |
| 214.0 <> 214.5 |      2 |  1039 |
| 214.5 <> 215.0 |      1 |    71 |
| 215.0 <> 215.5 |      1 |    75 |
| 215.5 <> 216.0 |      2 |   136 |
| 216.0 <> 216.5 |      7 |  1766 |
| 216.5 <> 217.0 |     18 |  2109 |
| 217.0 <> 217.5 |      6 |   703 |
| 217.5 <> 218.0 |      4 |   356 |
| 218.0 <> 218.5 |      8 |  1053 |
| 218.5 <> 219.0 |      0 |     0 |
| 219.0 <> 219.5 |      0 |     0 |
| 219.5 <> 220.0 |      0 |     0 |
| 220.0 <> 220.5 |      0 |     0 |
| 220.5 <> 221.0 |      0 |     0 |
| 221.0 <> 221.5 |      0 |     0 |
| 221.5 <> 222.0 |      0 |     0 |
| 222.0 <> 222.5 |      0 |     0 |
| 222.5 <> 223.0 |      1 |    86 |
| 223.0 <> 223.5 |      2 |   164 |
| 223.5 <> 224.0 |      0 |     0 |
| 224.0 <> 224.5 |      0 |     0 |
| 224.5 <> 225.0 |      1 |   105 |
| 225.0 <> 225.5 |      0 |     0 |
| 225.5 <> 226.0 |      0 |     0 |
| 226.0 <> 226.5 |      0 |     0 |
| 226.5 <> 227.0 |      0 |     0 |
| 227.0 <> 227.5 |      0 |     0 |
| 227.5 <> 228.0 |      1 |    86 |
| 228.0 <> 228.5 |      2 |   164 |
| 228.5 <> 229.0 |      1 |   971 |
| 229.0 <> 229.5 |     14 |  1812 |
| 229.5 <> 230.0 |     25 |  3856 |
| 230.0 <> 230.5 |     18 |  1651 |
| 230.5 <> 231.0 |      0 |     0 |
| 231.0 <> 231.5 |      0 |     0 |
| 231.5 <> 232.0 |      0 |     0 |
| 232.0 <> 232.5 |      0 |     0 |
| 232.5 <> 233.0 |      0 |     0 |
| 233.0 <> 233.5 |      0 |     0 |
| 233.5 <> 234.0 |      2 |   112 |
| 234.0 <> 234.5 |      0 |     0 |
| 234.5 <> 235.0 |      1 |    80 |
| 235.0 <> 235.5 |      2 |   174 |
| 235.5 <> 236.0 |      0 |     0 |
| 236.0 <> 236.5 |      7 |  1615 |
| 236.5 <> 237.0 |     10 |   856 |
| 237.0 <> 237.5 |      0 |     0 |
| 237.5 <> 238.0 |      0 |     0 |
| 238.0 <> 238.5 |      0 |     0 |
| 238.5 <> 239.0 |      0 |     0 |
| 239.0 <> 239.5 |      0 |     0 |
| 239.5 <> 240.0 |      0 |     0 |
| 240.0 <> 240.5 |      0 |     0 |
| 240.5 <> 241.0 |      0 |     0 |
| 241.0 <> 241.5 |      0 |     0 |
| 241.5 <> 242.0 |      1 |   971 |
| 242.0 <> 242.5 |      0 |     0 |
| 242.5 <> 243.0 |      0 |     0 |
| 243.0 <> 243.5 |      0 |     0 |
| 243.5 <> 244.0 |      0 |     0 |
| 244.0 <> 244.5 |      0 |     0 |
| 244.5 <> 245.0 |      0 |     0 |
| 245.0 <> 245.5 |      0 |     0 |
| 245.5 <> 246.0 |      0 |     0 |
| 246.0 <> 246.5 |      0 |     0 |
| 246.5 <> 247.0 |      0 |     0 |
| 247.0 <> 247.5 |      0 |     0 |
| 247.5 <> 248.0 |      2 |   492 |
| 248.0 <> 248.5 |      0 |     0 |
| 248.5 <> 249.0 |      0 |     0 |
| 249.0 <> 249.5 |      0 |     0 |
| 249.5 <> 250.0 |      0 |     0 |
| 250.0 <> 250.5 |      0 |     0 |
| 250.5 <> 251.0 |      2 |   504 |
| 251.0 <> 251.5 |      0 |     0 |
| 251.5 <> 252.0 |      0 |     0 |
| 252.0 <> 252.5 |      0 |     0 |
| 252.5 <> 253.0 |      2 |   136 |
| 253.0 <> 253.5 |      1 |    68 |
| 253.5 <> 254.0 |      0 |     0 |
| 254.0 <> 254.5 |      0 |     0 |
| 254.5 <> 255.0 |      0 |     0 |
| 255.0 <> 255.5 |      0 |     0 |
| 255.5 <> 256.0 |      0 |     0 |
| 256.0 <> 256.5 |      0 |     0 |
| 256.5 <> 257.0 |      0 |     0 |
| 257.0 <> 257.5 |      0 |     0 |
| 257.5 <> 258.0 |      0 |     0 |
| 258.0 <> 258.5 |      0 |     0 |
| 258.5 <> 259.0 |      0 |     0 |
| 259.0 <> 259.5 |      0 |     0 |
| 259.5 <> 260.0 |      1 |   971 |
| 260.0 <> 260.5 |      0 |     0 |
| 260.5 <> 261.0 |      0 |     0 |
| 261.0 <> 261.5 |      0 |     0 |
| 261.5 <> 262.0 |      0 |     0 |
| 262.0 <> 262.5 |      0 |     0 |
| 262.5 <> 263.0 |      0 |     0 |
| 263.0 <> 263.5 |      2 |   492 |
| 263.5 <> 264.0 |      0 |     0 |
| 264.0 <> 264.5 |      0 |     0 |
| 264.5 <> 265.0 |      0 |     0 |
| 265.0 <> 265.5 |      0 |     0 |
| 265.5 <> 266.0 |      0 |     0 |
| 266.0 <> 266.5 |      0 |     0 |
| 266.5 <> 267.0 |      0 |     0 |
| 267.0 <> 267.5 |      0 |     0 |
| 267.5 <> 268.0 |      0 |     0 |
| 268.0 <> 268.5 |      0 |     0 |
| 268.5 <> 269.0 |      0 |     0 |
| 269.0 <> 269.5 |      0 |     0 |
| 269.5 <> 270.0 |      0 |     0 |
| 270.0 <> 270.5 |      0 |     0 |
| 270.5 <> 271.0 |      0 |     0 |
| 271.0 <> 271.5 |      0 |     0 |
| 271.5 <> 272.0 |      0 |     0 |
| 272.0 <> 272.5 |      0 |     0 |
| 272.5 <> 273.0 |      0 |     0 |
| 273.0 <> 273.5 |      0 |     0 |
| 273.5 <> 274.0 |      0 |     0 |
| 274.0 <> 274.5 |      0 |     0 |
| 274.5 <> 275.0 |      0 |     0 |
| 275.0 <> 275.5 |      1 |   971 |
| 275.5 <> 276.0 |      0 |     0 |
| 276.0 <> 276.5 |      0 |     0 |
| 276.5 <> 277.0 |      0 |     0 |
| 277.0 <> 277.5 |      0 |     0 |
| 277.5 <> 278.0 |      0 |     0 |
| 278.0 <> 278.5 |      2 |   492 |
| 278.5 <> 279.0 |      0 |     0 |
| 279.0 <> 279.5 |      0 |     0 |
| 279.5 <> 280.0 |      0 |     0 |
| 280.0 <> 280.5 |      0 |     0 |
| 280.5 <> 281.0 |      0 |     0 |
| 281.0 <> 281.5 |      0 |     0 |
| 281.5 <> 282.0 |      0 |     0 |
| 282.0 <> 282.5 |      0 |     0 |
| 282.5 <> 283.0 |      0 |     0 |
| 283.0 <> 283.5 |      2 |   136 |
| 283.5 <> 284.0 |      0 |     0 |
| 284.0 <> 284.5 |      0 |     0 |
| 284.5 <> 285.0 |      0 |     0 |
| 285.0 <> 285.5 |      1 |    68 |
| 285.5 <> 286.0 |      0 |     0 |
| 286.0 <> 286.5 |      0 |     0 |
| 286.5 <> 287.0 |      0 |     0 |
| 287.0 <> 287.5 |      0 |     0 |
| 287.5 <> 288.0 |      1 |   105 |
| 288.0 <> 288.5 |      0 |     0 |
| 288.5 <> 289.0 |      3 |   241 |
| 289.0 <> 289.5 |      0 |     0 |
| 289.5 <> 290.0 |      0 |     0 |
| 290.0 <> 290.5 |      1 |   971 |
| 290.5 <> 291.0 |      0 |     0 |
| 291.0 <> 291.5 |      0 |     0 |
| 291.5 <> 292.0 |      0 |     0 |
| 292.0 <> 292.5 |      0 |     0 |
| 292.5 <> 293.0 |      0 |     0 |
| 293.0 <> 293.5 |      2 |   492 |
| 293.5 <> 294.0 |      0 |     0 |
| 294.0 <> 294.5 |      0 |     0 |
| 294.5 <> 295.0 |      0 |     0 |
| 295.0 <> 295.5 |      0 |     0 |
| 295.5 <> 296.0 |      0 |     0 |
| 296.0 <> 296.5 |      0 |     0 |
| 296.5 <> 297.0 |      0 |     0 |
| 297.0 <> 297.5 |      2 |   434 |
| 297.5 <> 298.0 |      0 |     0 |
| 298.0 <> 298.5 |      0 |     0 |
| 298.5 <> 299.0 |      0 |     0 |
| 299.0 <> 299.5 |      0 |     0 |
| 299.5 <> 300.0 |      0 |     0 |
| 300.0 <> 300.5 |      0 |     0 |
| 300.5 <> 301.0 |      0 |     0 |
| 301.0 <> 301.5 |      1 |    69 |
| 301.5 <> 302.0 |      0 |     0 |
| 302.0 <> 302.5 |      2 |   157 |
| 302.5 <> 303.0 |      2 |   146 |
| 303.0 <> 303.5 |      0 |     0 |
| 303.5 <> 304.0 |      3 |   204 |
| 304.0 <> 304.5 |      0 |     0 |
| 304.5 <> 305.0 |      0 |     0 |
| 305.0 <> 305.5 |      1 |   971 |
| 305.5 <> 306.0 |      0 |     0 |
| 306.0 <> 306.8 |      0 |     0 |
===================================
