
===================================
| IO Statistics                   |
|                                 |
| Interval size: 0.5 secs         |
| Col 1: ip.dst==27.60.1.124      |
|---------------------------------|
|                |1               |
| Interval
| Interval       | Frames | Bytes |
|---------------------------------|
|   0.0 <>   0.5 |      1 |    60 |
|   0.5 <>   1.0 |      3 |   653 |
|   1.0 <>   1.5 |      2 |   116 |
|   1.5 <>   2.0 |      0 |     0 |
|   2.0 <>   2.5 |      1 |    56 |
|   2.5 <>   3.0 |      0 |     0 |
|   3.0 <>   3.5 |      0 |     0 |
|   3.5 <>   4.0 |      1 |  1080 |
|   4.0 <>   4.5 |      2 |   999 |
|   4.5 <>   5.0 |      1 |    56 |
|   5.0 <>   5.5 |      1 |   106 |
|   5.5 <>   6.0 |      4 |   272 |
|   6.0 <>   6.5 |      1 |    56 |
|   6.5 <>   7.0 |      5 |   521 |
|   7.0 <>   7.5 |      1 |   571 |
|   7.5 <>   8.0 |      0 |     0 |
|   8.0 <>   8.5 |      1 |    56 |
|   8.5 <>   9.0 |      0 |     0 |
|   9.0 <>   9.5 |      1 |    68 |
|   9.5 <>  10.0 |      0 |     0 |
|  10.0 <>  10.5 |      0 |     0 |
|  10.5 <>  11.0 |      2 |   136 |
|  11.0 <>  11.5 |      0 |     0 |
|  11.5 <>  12.0 |      0 |     0 |
|  12.0 <>  12.5 |      0 |     0 |
|  12.5 <>  13.0 |      1 |   267 |
|  13.0 <>  13.5 |      1 |    68 |
|  13.5 <>  14.0 |      2 |   112 |
|  14.0 <>  14.5 |      1 |  1436 |
|  14.5 <>  15.0 |      0 |     0 |
|  15.0 <>  15.5 |      1 |  1436 |
|  15.5 <>  16.0 |      1 |  1436 |
|  16.0 <>  16.5 |     11 | 13255 |
|  16.5 <>  17.0 |      4 |  1843 |
|  17.0 <>  17.5 |      4 |  2395 |
|  17.5 <>  18.0 |      2 |   597 |
|  18.0 <>  18.5 |      7 |  2381 |
|  18.5 <>  19.0 |      2 |   350 |
|  19.0 <>  19.5 |      6 |   884 |
|  19.5 <>  20.0 |      3 |  2101 |
|  20.0 <>  20.5 |      1 |   294 |
|  20.5 <>  21.0 |      6 |   910 |
|  21.0 <>  21.5 |      4 |  2395 |
|  21.5 <>  22.0 |      2 |   602 |
|  22.0 <>  22.5 |      7 |  2381 |
|  22.5 <>  23.0 |      1 |   294 |
|  23.0 <>  23.5 |      5 |   805 |
|  23.5 <>  24.0 |      4 |  2177 |
|  24.0 <>  24.5 |      1 |   294 |
|  24.5 <>  25.0 |      6 |   884 |
|  25.0 <>  25.5 |      4 |  2395 |
|  25.5 <>  26.0 |      2 |   604 |
|  26.0 <>  26.5 |      7 |  2381 |
|  26.5 <>  27.0 |      1 |   294 |
|  27.0 <>  27.5 |      1 |   531 |
|  27.5 <>  28.0 |      3 |   204 |
|  28.0 <>  28.5 |     32 | 42779 |
|  28.5 <>  29.0 |      6 |   908 |
|  29.0 <>  29.5 |     11 |   950 |
|  29.5 <>  30.0 |     12 |  1041 |
|  30.0 <>  30.5 |     12 |  1097 |
|  30.5 <>  31.0 |     12 |  3319 |
|  31.0 <>  31.5 |      8 |   745 |
|  31.5 <>  32.0 |     23 |  3366 |
|  32.0 <>  32.5 |      4 |   497 |
|  32.5 <>  33.0 |      0 |     0 |
|  33.0 <>  33.5 |      3 |   216 |
|  33.5 <>  34.0 |      5 |   698 |
|  34.0 <>  34.5 |     14 |  1770 |
|  34.5 <>  35.0 |      8 |  1269 |
|  35.0 <>  35.5 |     20 |  5198 |
|  35.5 <>  36.0 |     24 |  7865 |
|  36.0 <>  36.5 |     16 |  9283 |
|  36.5 <>  37.0 |      6 |  1101 |
|  37.0 <>  37.5 |      5 |  1200 |
|  37.5 <>  38.0 |     28 |  9671 |
|  38.0 <>  38.5 |     15 | 13631 |
|  38.5 <>  39.0 |     13 |  6884 |
|  39.0 <>  39.5 |      3 |  2631 |
|  39.5 <>  40.0 |      3 |   228 |
|  40.0 <>  40.5 |     12 |  4467 |
|  40.5 <>  41.0 |     13 |  9891 |
|  41.0 <>  41.5 |     16 |  6652 |
|  41.5 <>  42.0 |      6 |  2539 |
|  42.0 <>  42.5 |      9 |  2154 |
|  42.5 <>  43.0 |      6 |  2336 |
|  43.0 <>  43.5 |      5 |   372 |
|  43.5 <>  44.0 |      7 |  2971 |
|  44.0 <>  44.5 |     20 | 21231 |
|  44.5 <>  45.0 |     11 | 14151 |
|  45.0 <>  45.5 |     11 |  3916 |
|  45.5 <>  46.0 |     21 | 13507 |
|  46.0 <>  46.5 |      2 |   152 |
|  46.5 <>  47.0 |     47 | 30023 |
|  47.0 <>  47.5 |      4 |   296 |
|  47.5 <>  48.0 |      4 |  2983 |
|  48.0 <>  48.5 |     27 | 21058 |
|  48.5 <>  49.0 |     36 | 30633 |
|  49.0 <>  49.5 |     48 | 27754 |
|  49.5 <>  50.0 |     13 | 14425 |
|  50.0 <>  50.5 |     17 | 17600 |
|  50.5 <>  51.0 |      2 |  1906 |
|  51.0 <>  51.5 |      4 |  1563 |
|  51.5 <>  52.0 |      4 |   723 |
|  52.0 <>  52.5 |      0 |     0 |
|  52.5 <>  53.0 |      4 |   272 |
|  53.0 <>  53.5 |      0 |     0 |
|  53.5 <>  54.0 |      0 |     0 |
|  54.0 <>  54.5 |      1 |   250 |
|  54.5 <>  55.0 |     13 |   848 |
|  55.0 <>  55.5 |      0 |     0 |
|  55.5 <>  56.0 |      0 |     0 |
|  56.0 <>  56.5 |      0 |     0 |
|  56.5 <>  57.0 |      0 |     0 |
|  57.0 <>  57.5 |      0 |     0 |
|  57.5 <>  58.0 |      0 |     0 |
|  58.0 <>  58.5 |      0 |     0 |
|  58.5 <>  59.0 |      0 |     0 |
|  59.0 <>  59.5 |      2 |   136 |
|  59.5 <>  60.0 |      0 |     0 |
|  60.0 <>  60.5 |      0 |     0 |
|  60.5 <>  61.0 |      0 |     0 |
|  61.0 <>  61.5 |      0 |     0 |
|  61.5 <>  62.0 |      0 |     0 |
|  62.0 <>  62.5 |      1 |   328 |
|  62.5 <>  63.0 |      0 |     0 |
|  63.0 <>  63.5 |      0 |     0 |
|  63.5 <>  64.0 |      0 |     0 |
|  64.0 <>  64.5 |      0 |     0 |
|  64.5 <>  65.0 |      0 |     0 |
|  65.0 <>  65.5 |      0 |     0 |
|  65.5 <>  66.0 |      0 |     0 |
|  66.0 <>  66.5 |      0 |     0 |
|  66.5 <>  67.0 |      0 |     0 |
|  67.0 <>  67.5 |      0 |     0 |
|  67.5 <>  68.0 |      0 |     0 |
|  68.0 <>  68.5 |      0 |     0 |
|  68.5 <>  69.0 |      0 |     0 |
|  69.0 <>  69.5 |      0 |     0 |
|  69.5 <>  70.0 |      0 |     0 |
|  70.0 <>  70.5 |      0 |     0 |
|  70.5 <>  71.0 |      0 |     0 |
|  71.0 <>  71.5 |      0 |     0 |
|  71.5 <>  72.0 |      0 |     0 |
|  72.0 <>  72.5 |      0 |     0 |
|  72.5 <>  73.0 |      0 |     0 |
|  73.0 <>  73.5 |      0 |     0 |
|  73.5 <>  74.0 |      0 |     0 |
|  74.0 <>  74.5 |      0 |     0 |
|  74.5 <>  75.0 |      0 |     0 |
|  75.0 <>  75.5 |      0 |     0 |
|  75.5 <>  76.0 |      0 |     0 |
|  76.0 <>  76.5 |      0 |     0 |
|  76.5 <>  77.0 |      0 |     0 |
|  77.0 <>  77.5 |      0 |     0 |
|  77.5 <>  78.0 |      0 |     0 |
|  78.0 <>  78.5 |      0 |     0 |
|  78.5 <>  79.0 |      0 |     0 |
|  79.0 <>  79.5 |      0 |     0 |
|  79.5 <>  80.0 |      0 |     0 |
|  80.0 <>  80.5 |      0 |     0 |
|  80.5 <>  81.0 |      0 |     0 |
|  81.0 <>  81.5 |      2 |   594 |
|  81.5 <>  82.0 |      0 |     0 |
|  82.0 <>  82.5 |      1 |  1436 |
|  82.5 <>  83.0 |      1 |  1436 |
|  83.0 <>  83.5 |      0 |     0 |
|  83.5 <>  84.0 |      1 |  1436 |
|  84.0 <>  84.5 |      5 |  5093 |
|  84.5 <>  85.0 |     10 |  8169 |
|  85.0 <>  85.5 |     12 |  7586 |
|  85.5 <>  86.0 |      5 |  7180 |
|  86.0 <>  86.5 |      6 |  8616 |
|  86.5 <>  87.0 |      7 |  8672 |
|  87.0 <>  87.5 |      7 |  7292 |
|  87.5 <>  88.0 |      6 |  8616 |
|  88.0 <>  88.5 |      6 |  7743 |
|  88.5 <>  89.0 |      8 |  7108 |
|  89.0 <>  89.5 |      4 |  5744 |
|  89.5 <>  90.0 |     11 | 10176 |
|  90.0 <>  90.5 |     15 |  8276 |
|  90.5 <>  91.0 |     10 |  2683 |
|  91.0 <>  91.5 |      7 |  7190 |
|  91.5 <>  92.0 |     10 |  8118 |
|  92.0 <>  92.5 |     18 |  8151 |
|  92.5 <>  93.0 |      9 |  7948 |
|  93.0 <>  93.5 |     28 |  8881 |
|  93.5 <>  94.0 |      9 |  2476 |
|  94.0 <>  94.5 |     46 | 38284 |
|  94.5 <>  95.0 |     71 | 74373 |
|  95.0 <>  95.5 |     25 | 16744 |
|  95.5 <>  96.0 |     33 | 36879 |
|  96.0 <>  96.5 |     61 | 54749 |
|  96.5 <>  97.0 |     40 | 39327 |
|  97.0 <>  97.5 |     21 |  8687 |
|  97.5 <>  98.0 |      0 |     0 |
|  98.0 <>  98.5 |      1 |   115 |
|  98.5 <>  99.0 |     11 | 11168 |
|  99.0 <>  99.5 |     24 | 14675 |
|  99.5 <> 100.0 |     24 |  2635 |
| 100.0 <> 100.5 |      1 |   752 |
| 100.5 <> 101.0 |     15 | 13414 |
| 101.0 <> 101.5 |     10 |  1874 |
| 101.5 <> 102.0 |      4 |   322 |
| 102.0 <> 102.5 |      8 |   702 |
| 102.5 <> 103.0 |      1 |   437 |
| 103.0 <> 103.5 |      2 |   364 |
| 103.5 <> 104.0 |      7 |  3088 |
| 104.0 <> 104.5 |      8 |  3142 |
| 104.5 <> 105.0 |      1 |    68 |
| 105.0 <> 105.5 |      2 |   361 |
| 105.5 <> 106.0 |      0 |     0 |
| 106.0 <> 106.5 |      5 |  1323 |
| 106.5 <> 107.0 |      3 |   733 |
| 107.0 <> 107.5 |      6 |   560 |
| 107.5 <> 108.0 |      3 |   479 |
| 108.0 <> 108.5 |      1 |    94 |
| 108.5 <> 109.0 |      6 |   892 |
| 109.0 <> 109.5 |      1 |   111 |
| 109.5 <> 110.0 |      0 |     0 |
| 110.0 <> 110.5 |      0 |     0 |
| 110.5 <> 111.0 |      0 |     0 |
| 111.0 <> 111.5 |      0 |     0 |
| 111.5 <> 112.0 |      0 |     0 |
| 112.0 <> 112.5 |      0 |     0 |
| 112.5 <> 113.0 |      3 |   990 |
| 113.0 <> 113.5 |      2 |   214 |
| 113.5 <> 114.0 |     12 |  1957 |
| 114.0 <> 114.5 |     13 |  1365 |
| 114.5 <> 115.0 |      6 |   645 |
| 115.0 <> 115.5 |      5 |  2344 |
| 115.5 <> 116.0 |      1 |  1436 |
| 116.0 <> 116.5 |      8 |  4567 |
| 116.5 <> 117.0 |      7 |   926 |
| 117.0 <> 117.5 |      3 |   251 |
| 117.5 <> 118.0 |      6 |   455 |
| 118.0 <> 118.5 |      7 |  3875 |
| 118.5 <> 119.0 |     12 |  2194 |
| 119.0 <> 119.5 |      1 |    68 |
| 119.5 <> 120.0 |      2 |   136 |
| 120.0 <> 120.5 |      4 |  1198 |
| 120.5 <> 121.0 |      0 |     0 |
| 121.0 <> 121.5 |      5 |  5442 |
| 121.5 <> 122.0 |      0 |     0 |
| 122.0 <> 122.5 |      0 |     0 |
| 122.5 <> 123.0 |      0 |     0 |
| 123.0 <> 123.5 |      0 |     0 |
| 123.5 <> 124.0 |      0 |     0 |
| 124.0 <> 124.5 |      1 |    68 |
| 124.5 <> 125.0 |      0 |     0 |
| 125.0 <> 125.5 |      2 |   194 |
| 125.5 <> 126.0 |      5 |  2375 |
| 126.0 <> 126.5 |      3 |  1588 |
| 126.5 <> 127.0 |      0 |     0 |
| 127.0 <> 127.5 |     10 |   680 |
| 127.5 <> 128.0 |      0 |     0 |
| 128.0 <> 128.5 |      0 |     0 |
| 128.5 <> 129.0 |      2 |  1035 |
| 129.0 <> 129.5 |      1 |   424 |
| 129.5 <> 130.0 |      0 |     0 |
| 130.0 <> 130.5 |      0 |     0 |
| 130.5 <> 131.0 |      0 |     0 |
| 131.0 <> 131.5 |      0 |     0 |
| 131.5 <> 132.0 |      0 |     0 |
| 132.0 <> 132.5 |      0 |     0 |
| 132.5 <> 133.0 |      0 |     0 |
| 133.0 <> 133.5 |      0 |     0 |
| 133.5 <> 134.0 |      0 |     0 |
| 134.0 <> 134.5 |      0 |     0 |
| 134.5 <> 135.0 |      0 |     0 |
| 135.0 <> 135.5 |      0 |     0 |
| 135.5 <> 136.0 |      0 |     0 |
| 136.0 <> 136.5 |      0 |     0 |
| 136.5 <> 137.0 |      0 |     0 |
| 137.0 <> 137.5 |      0 |     0 |
| 137.5 <> 138.0 |      0 |     0 |
| 138.0 <> 138.5 |      0 |     0 |
| 138.5 <> 139.0 |      0 |     0 |
| 139.0 <> 139.5 |      0 |     0 |
| 139.5 <> 140.0 |      0 |     0 |
| 140.0 <> 140.5 |      0 |     0 |
| 140.5 <> 141.0 |      0 |     0 |
| 141.0 <> 141.5 |      0 |     0 |
| 141.5 <> 142.0 |      0 |     0 |
| 142.0 <> 142.5 |      0 |     0 |
| 142.5 <> 143.0 |      0 |     0 |
| 143.0 <> 143.5 |      0 |     0 |
| 143.5 <> 144.0 |      1 |   300 |
| 144.0 <> 144.5 |      1 |   424 |
| 144.5 <> 145.0 |      0 |     0 |
| 145.0 <> 145.5 |      0 |     0 |
| 145.5 <> 146.0 |      0 |     0 |
| 146.0 <> 146.5 |      0 |     0 |
| 146.5 <> 147.0 |      0 |     0 |
| 147.0 <> 147.5 |      0 |     0 |
| 147.5 <> 148.0 |      0 |     0 |
| 148.0 <> 148.5 |      0 |     0 |
| 148.5 <> 149.0 |      0 |     0 |
| 149.0 <> 149.5 |      0 |     0 |
| 149.5 <> 150.0 |      0 |     0 |
| 150.0 <> 150.5 |      0 |     0 |
| 150.5 <> 151.0 |      0 |     0 |
| 151.0 <> 151.5 |      0 |     0 |
| 151.5 <> 152.0 |      0 |     0 |
| 152.0 <> 152.5 |      0 |     0 |
| 152.5 <> 153.0 |      0 |     0 |
| 153.0 <> 153.5 |      0 |     0 |
| 153.5 <> 154.0 |      0 |     0 |
| 154.0 <> 154.5 |      0 |     0 |
| 154.5 <> 155.0 |      0 |     0 |
| 155.0 <> 155.5 |      1 |   105 |
| 155.5 <> 156.0 |      0 |     0 |
| 156.0 <> 156.5 |      0 |     0 |
| 156.5 <> 157.0 |      0 |     0 |
| 157.0 <> 157.5 |      0 |     0 |
| 157.5 <> 158.0 |      2 |   529 |
| 158.0 <> 158.5 |      2 |   173 |
| 158.5 <> 159.0 |      0 |     0 |
| 159.0 <> 159.5 |      2 |   173 |
| 159.5 <> 160.0 |      0 |     0 |
| 160.0 <> 160.5 |      0 |     0 |
| 160.5 <> 161.0 |      0 |     0 |
| 161.0 <> 161.5 |      0 |     0 |
| 161.5 <> 162.0 |      0 |     0 |
| 162.0 <> 162.5 |      0 |     0 |
| 162.5 <> 163.0 |      0 |     0 |
| 163.0 <> 163.5 |      0 |     0 |
| 163.5 <> 164.0 |      0 |     0 |
| 164.0 <> 164.5 |      0 |     0 |
| 164.5 <> 165.0 |      0 |     0 |
| 165.0 <> 165.5 |      0 |     0 |
| 165.5 <> 166.0 |      0 |     0 |
| 166.0 <> 166.5 |      0 |     0 |
| 166.5 <> 167.0 |      0 |     0 |
| 167.0 <> 167.5 |      0 |     0 |
| 167.5 <> 168.0 |      0 |     0 |
| 168.0 <> 168.5 |      0 |     0 |
| 168.5 <> 169.0 |      0 |     0 |
| 169.0 <> 169.5 |      0 |     0 |
| 169.5 <> 170.0 |      0 |     0 |
| 170.0 <> 170.5 |      0 |     0 |
| 170.5 <> 171.0 |      0 |     0 |
| 171.0 <> 171.5 |      0 |     0 |
| 171.5 <> 172.0 |      0 |     0 |
| 172.0 <> 172.5 |      0 |     0 |
| 172.5 <> 173.0 |      0 |     0 |
| 173.0 <> 173.5 |      0 |     0 |
| 173.5 <> 174.0 |      0 |     0 |
| 174.0 <> 174.5 |      0 |     0 |
| 174.5 <> 175.0 |      0 |     0 |
| 175.0 <> 175.5 |      0 |     0 |
| 175.5 <> 176.0 |      1 |   636 |
| 176.0 <> 176.5 |      2 |  1060 |
| 176.5 <> 177.0 |      2 |   148 |
| 177.0 <> 177.5 |      1 |   204 |
| 177.5 <> 178.0 |      0 |     0 |
| 178.0 <> 178.5 |      0 |     0 |
| 178.5 <> 179.0 |      0 |     0 |
| 179.0 <> 179.5 |      0 |     0 |
| 179.5 <> 180.0 |      0 |     0 |
| 180.0 <> 180.5 |      0 |     0 |
| 180.5 <> 181.0 |      0 |     0 |
| 181.0 <> 181.5 |      0 |     0 |
| 181.5 <> 182.0 |      0 |     0 |
| 182.0 <> 182.5 |      0 |     0 |
| 182.5 <> 183.0 |      0 |     0 |
| 183.0 <> 183.5 |      0 |     0 |
| 183.5 <> 184.0 |      0 |     0 |
| 184.0 <> 184.5 |      0 |     0 |
| 184.5 <> 185.0 |      0 |     0 |
| 185.0 <> 185.5 |      0 |     0 |
| 185.5 <> 186.0 |      0 |     0 |
| 186.0 <> 186.5 |      0 |     0 |
| 186.5 <> 187.0 |      0 |     0 |
| 187.0 <> 187.5 |      0 |     0 |
| 187.5 <> 188.0 |      0 |     0 |
| 188.0 <> 188.5 |      0 |     0 |
| 188.5 <> 189.0 |      0 |     0 |
| 189.0 <> 189.5 |      0 |     0 |
| 189.5 <> 190.0 |      0 |     0 |
| 190.0 <> 190.5 |      0 |     0 |
| 190.5 <> 191.0 |      0 |     0 |
| 191.0 <> 191.5 |      0 |     0 |
| 191.5 <> 192.0 |      2 |   136 |
| 192.0 <> 192.5 |      8 |  1052 |
| 192.5 <> 193.0 |      5 |   484 |
| 193.0 <> 193.5 |      6 |   432 |
| 193.5 <> 194.0 |      1 |  1436 |
| 194.0 <> 194.5 |      0 |     0 |
| 194.5 <> 195.0 |      1 |  1436 |
| 195.0 <> 195.5 |      1 |  1436 |
| 195.5 <> 196.0 |      2 |   829 |
| 196.0 <> 196.5 |      0 |     0 |
| 196.5 <> 197.0 |      1 |  1436 |
| 197.0 <> 197.5 |      1 |  1436 |
| 197.5 <> 198.0 |      0 |     0 |
| 198.0 <> 198.5 |      1 |  1436 |
| 198.5 <> 199.0 |      1 |  1436 |
| 199.0 <> 199.5 |      0 |     0 |
| 199.5 <> 200.0 |      1 |  1436 |
| 200.0 <> 200.5 |      0 |     0 |
| 200.5 <> 201.0 |      0 |     0 |
| 201.0 <> 201.5 |      0 |     0 |
| 201.5 <> 202.0 |      0 |     0 |
| 202.0 <> 202.5 |      0 |     0 |
| 202.5 <> 203.0 |      0 |     0 |
| 203.0 <> 203.5 |      0 |     0 |
| 203.5 <> 204.0 |      0 |     0 |
| 204.0 <> 204.5 |      0 |     0 |
| 204.5 <> 205.0 |      0 |     0 |
| 205.0 <> 205.5 |      0 |     0 |
| 205.5 <> 206.0 |     17 |  2396 |
| 206.0 <> 206.5 |     14 |  4085 |
| 206.5 <> 207.0 |      0 |     0 |
| 207.0 <> 207.5 |      1 |    68 |
| 207.5 <> 208.0 |      4 |   548 |
| 208.0 <> 208.5 |      1 |   115 |
| 208.5 <> 209.0 |      1 |    76 |
| 209.0 <> 209.5 |      0 |     0 |
| 209.5 <> 210.0 |      5 |   348 |
| 210.0 <> 210.5 |      0 |     0 |
| 210.5 <> 211.0 |      0 |     0 |
| 211.0 <> 211.5 |      1 |    68 |
| 211.5 <> 212.0 |      8 |  1912 |
| 212.0 <> 212.5 |     11 | 15476 |
| 212.5 <> 213.0 |      3 |   216 |
| 213.0 <> 213.5 |      5 |   885 |
| 213.5 <> 214.0 |      1 |    68 |
| 214.0 <> 214.5 |      1 |   558 |
| 214.5 <> 215.0 |      0 |     0 |
| 215.0 <> 215.5 |      0 |     0 |
| 215.5 <> 216.0 |      6 |   498 |
| 216.0 <> 216.5 |      9 |   867 |
| 216.5 <> 217.0 |      9 |  4643 |
| 217.0 <> 217.5 |      3 |   298 |
| 217.5 <> 218.0 |      2 |   230 |
| 218.0 <> 218.5 |     14 |  1345 |
| 218.5 <> 219.0 |      2 |  1116 |
| 219.0 <> 219.5 |      9 |  1303 |
| 219.5 <> 220.0 |      4 |  1661 |
| 220.0 <> 220.5 |      0 |     0 |
| 220.5 <> 221.0 |      0 |     0 |
| 221.0 <> 221.5 |      0 |     0 |
| 221.5 <> 222.0 |      0 |     0 |
| 222.0 <> 222.5 |      0 |     0 |
| 222.5 <> 223.0 |      0 |     0 |
| 223.0 <> 223.5 |      0 |     0 |
| 223.5 <> 224.0 |      0 |     0 |
| 224.0 <> 224.5 |      0 |     0 |
| 224.5 <> 225.0 |      0 |     0 |
| 225.0 <> 225.5 |      0 |     0 |
| 225.5 <> 226.0 |      0 |     0 |
| 226.0 <> 226.5 |      0 |     0 |
| 226.5 <> 227.0 |      0 |     0 |
| 227.0 <> 227.5 |      0 |     0 |
| 227.5 <> 228.0 |      0 |     0 |
| 228.0 <> 228.5 |      0 |     0 |
| 228.5 <> 229.0 |      0 |     0 |
| 229.0 <> 229.5 |      0 |     0 |
| 229.5 <> 230.0 |      0 |     0 |
| 230.0 <> 230.5 |      0 |     0 |
| 230.5 <> 231.0 |      0 |     0 |
| 231.0 <> 231.5 |      0 |     0 |
| 231.5 <> 232.0 |      0 |     0 |
| 232.0 <> 232.5 |      0 |     0 |
| 232.5 <> 233.0 |      0 |     0 |
| 233.0 <> 233.5 |      2 |   492 |
| 233.5 <> 234.0 |      0 |     0 |
| 234.0 <> 234.5 |      0 |     0 |
| 234.5 <> 235.0 |      0 |     0 |
| 235.0 <> 235.5 |      0 |     0 |
| 235.5 <> 236.0 |      0 |     0 |
| 236.0 <> 236.5 |      0 |     0 |
| 236.5 <> 237.0 |      0 |     0 |
| 237.0 <> 237.5 |      0 |     0 |
| 237.5 <> 238.0 |      0 |     0 |
| 238.0 <> 238.5 |      2 |   163 |
| 238.5 <> 239.0 |      2 |   163 |
| 239.0 <> 239.5 |      0 |     0 |
| 239.5 <> 240.0 |      0 |     0 |
| 240.0 <> 240.5 |      0 |     0 |
| 240.5 <> 241.0 |      0 |     0 |
| 241.0 <> 241.5 |      0 |     0 |
| 241.5 <> 242.0 |      0 |     0 |
| 242.0 <> 242.5 |      0 |     0 |
| 242.5 <> 243.0 |      1 |   285 |
| 243.0 <> 243.5 |      1 |    76 |
| 243.5 <> 244.0 |      2 |   136 |
| 244.0 <> 244.5 |      3 |   329 |
| 244.5 <> 245.0 |      1 |    68 |
| 245.0 <> 245.5 |      2 |   361 |
| 245.5 <> 246.0 |      1 |   424 |
| 246.0 <> 246.5 |      2 |   163 |
| 246.5 <> 247.0 |      0 |     0 |
| 247.0 <> 247.6 |      0 |     0 |
===================================
