6.851878000
7.670794000
21.240994000
21.864613000
21.978550000
22.038500000
22.918386000
25.110666000
26.204330000
28.324271000
29.771397000
29.971287000
30.140961000
36.704319000
37.164319000
38.000937000
38.784245000
39.364310000
39.404250000
40.344200000
41.424213000
41.455521000
41.981367000
42.123326000
45.904307000
47.224253000
49.264279000
50.468887000
50.944367000
51.224289000
53.238609000
56.598575000
61.744315000
62.584320000
62.944446000
65.064076000
68.304178000
70.704302000
71.504223000
73.824113000
77.630042000
80.864235000
85.489858000
85.919796000
87.824156000
89.749234000
91.270961000
91.272281000
92.504414000
92.624218000
92.970553000
93.245684000
94.240245000
94.298700000
98.464340000
98.540964000
98.869052000
99.018690000
99.519219000
99.584368000
99.599067000
100.064423000
103.424076000
108.544335000
109.664345000
109.984313000
113.184396000
113.319339000
113.499250000
113.654269000
113.774294000
114.039198000
114.549309000
114.949265000
115.129353000
115.800259000
116.539997000
116.549552000
119.671848000
151.021960000
156.384385000
170.155587000
170.704370000
186.475838000
187.645076000
189.900197000
190.427508000
190.428076000
197.024381000
206.784395000
250.516070000
