16.400338000
16.528830000
16.642095000
17.802287000
17.942728000
23.332285000
23.352414000
23.452865000
24.080615000
24.654957000
32.328932000
33.598894000
43.539399000
48.902811000
49.382790000
51.437152000
53.258969000
53.582892000
54.018985000
54.558905000
54.702999000
55.459090000
58.612974000
59.218974000
59.503236000
60.739043000
62.178931000
66.499150000
66.579082000
66.579335000
70.778940000
72.338955000
74.263379000
75.898906000
79.923244000
85.058927000
85.218784000
90.578968000
95.397467000
99.541654000
