
===================================
| IO Statistics                   |
|                                 |
| Interval size: 0.5 secs         |
| Col 1: ip.src==27.60.1.124      |
|---------------------------------|
|                |1               |
| Interval
| Interval       | Frames | Bytes |
|---------------------------------|
|   0.0 <>   0.5 |      1 |    76 |
|   0.5 <>   1.0 |      0 |     0 |
|   1.0 <>   1.5 |      0 |     0 |
|   1.5 <>   2.0 |      0 |     0 |
|   2.0 <>   2.5 |      0 |     0 |
|   2.5 <>   3.0 |      2 |  1451 |
|   3.0 <>   3.5 |      0 |     0 |
|   3.5 <>   4.0 |      0 |     0 |
|   4.0 <>   4.5 |      1 |    68 |
|   4.5 <>   5.0 |      3 |   168 |
|   5.0 <>   5.5 |      0 |     0 |
|   5.5 <>   6.0 |      0 |     0 |
|   6.0 <>   6.5 |      0 |     0 |
|   6.5 <>   7.0 |      0 |     0 |
|   7.0 <>   7.5 |      0 |     0 |
|   7.5 <>   8.0 |      0 |     0 |
|   8.0 <>   8.5 |      0 |     0 |
|   8.5 <>   9.0 |      0 |     0 |
|   9.0 <>   9.5 |      0 |     0 |
|   9.5 <>  10.0 |      1 |    76 |
|  10.0 <>  10.5 |      0 |     0 |
|  10.5 <>  11.0 |      2 |  1395 |
|  11.0 <>  11.5 |      1 |    76 |
|  11.5 <>  12.0 |      5 |   528 |
|  12.0 <>  12.5 |      3 |   290 |
|  12.5 <>  13.0 |      2 |   340 |
|  13.0 <>  13.5 |      3 |   215 |
|  13.5 <>  14.0 |      3 |   380 |
|  14.0 <>  14.5 |      3 |   290 |
|  14.5 <>  15.0 |      2 |   346 |
|  15.0 <>  15.5 |      7 |   651 |
|  15.5 <>  16.0 |      0 |     0 |
|  16.0 <>  16.5 |      4 |   358 |
|  16.5 <>  17.0 |      4 |   487 |
|  17.0 <>  17.5 |      0 |     0 |
|  17.5 <>  18.0 |      5 |   351 |
|  18.0 <>  18.5 |      3 |   380 |
|  18.5 <>  19.0 |      5 |   647 |
|  19.0 <>  19.5 |      0 |     0 |
|  19.5 <>  20.0 |      5 |   327 |
|  20.0 <>  20.5 |      3 |   392 |
|  20.5 <>  21.0 |      4 |   379 |
|  21.0 <>  21.5 |      5 |   865 |
|  21.5 <>  22.0 |      0 |     0 |
|  22.0 <>  22.5 |      0 |     0 |
|  22.5 <>  23.0 |      3 |   215 |
|  23.0 <>  23.5 |     44 |  3426 |
|  23.5 <>  24.0 |     35 |  5432 |
|  24.0 <>  24.5 |     24 |  2766 |
|  24.5 <>  25.0 |     40 |  3924 |
|  25.0 <>  25.5 |      5 |   426 |
|  25.5 <>  26.0 |      1 |    68 |
|  26.0 <>  26.5 |     14 |  1124 |
|  26.5 <>  27.0 |     18 |  1585 |
|  27.0 <>  27.5 |     51 |  5026 |
|  27.5 <>  28.0 |     47 |  3428 |
|  28.0 <>  28.5 |     37 |  2825 |
|  28.5 <>  29.0 |     22 |  2177 |
|  29.0 <>  29.5 |     33 |  2806 |
|  29.5 <>  30.0 |     39 |  3705 |
|  30.0 <>  30.5 |     26 |  4101 |
|  30.5 <>  31.0 |      5 |   368 |
|  31.0 <>  31.5 |     12 |   816 |
|  31.5 <>  32.0 |      7 |   452 |
|  32.0 <>  32.5 |     16 |  2417 |
|  32.5 <>  33.0 |     12 |   804 |
|  33.0 <>  33.5 |      4 |   296 |
|  33.5 <>  34.0 |     23 |  1760 |
|  34.0 <>  34.5 |     15 |   864 |
|  34.5 <>  35.0 |     32 |  2168 |
|  35.0 <>  35.5 |      5 |   498 |
|  35.5 <>  36.0 |     23 |  1958 |
|  36.0 <>  36.5 |      2 |   152 |
|  36.5 <>  37.0 |     12 |   849 |
|  37.0 <>  37.5 |     10 |  1610 |
|  37.5 <>  38.0 |     28 |  2740 |
|  38.0 <>  38.5 |     25 |  3104 |
|  38.5 <>  39.0 |     20 |  2908 |
|  39.0 <>  39.5 |     10 |  2655 |
|  39.5 <>  40.0 |     10 |  3042 |
|  40.0 <>  40.5 |      7 |  2588 |
|  40.5 <>  41.0 |      5 |   378 |
|  41.0 <>  41.5 |     12 |  1926 |
|  41.5 <>  42.0 |     23 |  3262 |
|  42.0 <>  42.5 |     13 |  1471 |
|  42.5 <>  43.0 |     19 |  2420 |
|  43.0 <>  43.5 |     25 |  2651 |
|  43.5 <>  44.0 |     14 |   972 |
|  44.0 <>  44.5 |     20 |  2455 |
|  44.5 <>  45.0 |     39 |  4653 |
|  45.0 <>  45.5 |     26 |  3243 |
|  45.5 <>  46.0 |     19 |  1392 |
|  46.0 <>  46.5 |     38 |  4054 |
|  46.5 <>  47.0 |      4 |   304 |
|  47.0 <>  47.5 |     31 |  2220 |
|  47.5 <>  48.0 |     13 |  1282 |
|  48.0 <>  48.5 |     10 |   736 |
|  48.5 <>  49.0 |     20 |  2154 |
|  49.0 <>  49.5 |     16 |  1227 |
|  49.5 <>  50.0 |      9 |   940 |
|  50.0 <>  50.5 |     10 |   748 |
|  50.5 <>  51.0 |      7 |   500 |
|  51.0 <>  51.5 |      5 |   376 |
|  51.5 <>  52.0 |     16 |  1088 |
|  52.0 <>  52.5 |      1 |    68 |
|  52.5 <>  53.0 |      4 |   284 |
|  53.0 <>  53.5 |      8 |   880 |
|  53.5 <>  54.0 |      7 |   520 |
|  54.0 <>  54.5 |     21 |  2270 |
|  54.5 <>  55.0 |     11 |  1629 |
|  55.0 <>  55.5 |      8 |   917 |
|  55.5 <>  56.0 |      3 |   204 |
|  56.0 <>  56.5 |      7 |   508 |
|  56.5 <>  57.0 |      4 |   296 |
|  57.0 <>  57.5 |     10 |   712 |
|  57.5 <>  58.0 |     12 |   888 |
|  58.0 <>  58.5 |      7 |   524 |
|  58.5 <>  59.0 |      7 |   887 |
|  59.0 <>  59.5 |      4 |   642 |
|  59.5 <>  60.0 |     17 |  1240 |
|  60.0 <>  60.5 |      6 |   408 |
|  60.5 <>  61.0 |     10 |  1019 |
|  61.0 <>  61.5 |      6 |   408 |
|  61.5 <>  62.0 |      3 |   228 |
|  62.0 <>  62.5 |     10 |  1034 |
|  62.5 <>  63.0 |      6 |   408 |
|  63.0 <>  63.5 |     17 |  1224 |
|  63.5 <>  64.0 |      8 |   580 |
|  64.0 <>  64.5 |     12 |  1380 |
|  64.5 <>  65.0 |      1 |    68 |
|  65.0 <>  65.5 |     11 |   748 |
|  65.5 <>  66.0 |      6 |   408 |
|  66.0 <>  66.5 |      4 |   782 |
|  66.5 <>  67.0 |      8 |  1211 |
|  67.0 <>  67.5 |      2 |   287 |
|  67.5 <>  68.0 |     17 |  2310 |
|  68.0 <>  68.5 |      8 |   544 |
|  68.5 <>  69.0 |      4 |   292 |
|  69.0 <>  69.5 |      3 |   245 |
|  69.5 <>  70.0 |     15 |  2194 |
|  70.0 <>  70.5 |      4 |   779 |
|  70.5 <>  71.0 |      6 |   811 |
|  71.0 <>  71.5 |      6 |   905 |
|  71.5 <>  72.0 |      3 |   212 |
|  72.0 <>  72.5 |      9 |  1280 |
|  72.5 <>  73.0 |      3 |   204 |
|  73.0 <>  73.5 |      3 |   212 |
|  73.5 <>  74.0 |      6 |   432 |
|  74.0 <>  74.5 |      3 |   208 |
|  74.5 <>  75.0 |      1 |    56 |
|  75.0 <>  75.5 |     10 |   766 |
|  75.5 <>  76.0 |      1 |   397 |
|  76.0 <>  76.5 |      1 |    68 |
|  76.5 <>  77.0 |      8 |   592 |
|  77.0 <>  77.5 |      1 |    68 |
|  77.5 <>  78.0 |      4 |  1093 |
|  78.0 <>  78.5 |      3 |   220 |
|  78.5 <>  79.0 |      2 |   631 |
|  79.0 <>  79.5 |     10 |   680 |
|  79.5 <>  80.0 |      4 |   308 |
|  80.0 <>  80.5 |      2 |   160 |
|  80.5 <>  81.0 |      6 |   348 |
|  81.0 <>  81.5 |     17 |  1766 |
|  81.5 <>  82.0 |     12 |  1233 |
|  82.0 <>  82.5 |      2 |   160 |
|  82.5 <>  83.0 |      7 |   817 |
|  83.0 <>  83.5 |      5 |   340 |
|  83.5 <>  84.0 |      1 |    84 |
|  84.0 <>  84.5 |      0 |     0 |
|  84.5 <>  85.0 |      3 |   204 |
|  85.0 <>  85.5 |      8 |  1564 |
|  85.5 <>  86.0 |      5 |   340 |
|  86.0 <>  86.5 |     18 |  1304 |
|  86.5 <>  87.0 |     14 |  1349 |
|  87.0 <>  87.5 |     16 |  1080 |
|  87.5 <>  88.0 |     43 |  5764 |
|  88.0 <>  88.5 |      2 |   148 |
|  88.5 <>  89.0 |      3 |   216 |
|  89.0 <>  89.5 |      6 |   420 |
|  89.5 <>  90.0 |     12 |  1337 |
|  90.0 <>  90.5 |     14 |  1024 |
|  90.5 <>  91.0 |      9 |   983 |
|  91.0 <>  91.5 |     18 |  1273 |
|  91.5 <>  92.0 |      0 |     0 |
|  92.0 <>  92.5 |     18 |  3553 |
|  92.5 <>  93.0 |     13 |   952 |
|  93.0 <>  93.5 |     18 |  1642 |
|  93.5 <>  94.0 |      9 |   648 |
|  94.0 <>  94.5 |      8 |  1585 |
|  94.5 <>  95.0 |      4 |   296 |
|  95.0 <>  95.5 |      4 |   309 |
|  95.5 <>  96.0 |     25 |  1764 |
|  96.0 <>  96.5 |      7 |  1610 |
|  96.5 <>  97.0 |     18 |  2655 |
|  97.0 <>  97.5 |     16 |  1120 |
|  97.5 <>  98.0 |      7 |   488 |
|  98.0 <>  98.5 |      1 |    80 |
|  98.5 <>  99.0 |      3 |   216 |
|  99.0 <>  99.5 |      2 |   167 |
|  99.5 <> 100.0 |      7 |   500 |
| 100.0 <> 100.5 |      5 |   375 |
| 100.5 <> 101.0 |      8 |   974 |
| 101.0 <> 101.5 |      8 |   573 |
| 101.5 <> 102.0 |     20 |  4684 |
| 102.0 <> 102.5 |     14 |  2345 |
| 102.5 <> 103.0 |      4 |   284 |
| 103.0 <> 103.5 |     10 |   755 |
| 103.5 <> 104.0 |      3 |   214 |
| 104.0 <> 104.5 |      4 |   557 |
| 104.5 <> 105.0 |     10 |  2368 |
| 105.0 <> 105.5 |     11 |   804 |
| 105.5 <> 106.0 |     26 |  3647 |
| 106.0 <> 106.5 |      5 |   386 |
| 106.5 <> 107.0 |     14 |  1028 |
| 107.0 <> 107.5 |      3 |   250 |
| 107.5 <> 108.0 |     16 |  1144 |
| 108.0 <> 108.5 |     16 |  1469 |
| 108.5 <> 109.0 |     27 |  2394 |
| 109.0 <> 109.5 |     55 |  3860 |
| 109.5 <> 110.0 |     36 |  2639 |
| 110.0 <> 110.5 |     14 |  1012 |
| 110.5 <> 111.0 |      9 |  1003 |
| 111.0 <> 111.5 |     15 |  2181 |
| 111.5 <> 112.0 |      7 |   476 |
| 112.0 <> 112.5 |     15 |  1807 |
| 112.5 <> 113.0 |      9 |   667 |
| 113.0 <> 113.5 |      3 |   204 |
| 113.5 <> 114.0 |     15 |  1114 |
| 114.0 <> 114.5 |     14 |   960 |
| 114.5 <> 115.0 |     16 |  1874 |
| 115.0 <> 115.5 |     25 |  1744 |
| 115.5 <> 116.0 |     40 |  3677 |
| 116.0 <> 116.5 |     10 |   715 |
| 116.5 <> 117.0 |     20 |  1797 |
| 117.0 <> 117.5 |      9 |  1027 |
| 117.5 <> 118.0 |      8 |   555 |
| 118.0 <> 118.5 |      5 |   340 |
| 118.5 <> 119.0 |     21 |  1701 |
| 119.0 <> 119.5 |      9 |  1363 |
| 119.5 <> 120.0 |     15 |  1382 |
| 120.0 <> 120.5 |      7 |   487 |
| 120.5 <> 121.0 |     10 |   698 |
| 121.0 <> 121.5 |      4 |   272 |
| 121.5 <> 122.0 |     37 |  5414 |
| 122.0 <> 122.5 |      1 |    68 |
| 122.5 <> 123.0 |      9 |   612 |
| 123.0 <> 123.5 |      3 |   385 |
| 123.5 <> 124.0 |      9 |   624 |
| 124.0 <> 124.5 |      5 |  1064 |
| 124.5 <> 125.0 |      8 |   547 |
| 125.0 <> 125.5 |      2 |   147 |
| 125.5 <> 126.0 |      7 |   790 |
| 126.0 <> 126.5 |     11 |  1109 |
| 126.5 <> 127.0 |      3 |   204 |
| 127.0 <> 127.5 |      6 |   408 |
| 127.5 <> 128.0 |     18 |  1186 |
| 128.0 <> 128.5 |      2 |   892 |
| 128.5 <> 129.0 |     11 |   791 |
| 129.0 <> 129.5 |      9 |   645 |
| 129.5 <> 130.0 |      3 |   253 |
| 130.0 <> 130.5 |      0 |     0 |
| 130.5 <> 131.0 |      0 |     0 |
| 131.0 <> 131.5 |      0 |     0 |
| 131.5 <> 132.0 |      0 |     0 |
| 132.0 <> 132.5 |      0 |     0 |
| 132.5 <> 133.0 |      5 |   314 |
| 133.0 <> 133.5 |      5 |   309 |
| 133.5 <> 134.0 |      0 |     0 |
| 134.0 <> 134.5 |      2 |   172 |
| 134.5 <> 135.0 |      5 |   388 |
| 135.0 <> 135.5 |      7 |   557 |
| 135.5 <> 136.0 |      5 |   408 |
| 136.0 <> 136.5 |      3 |   275 |
| 136.5 <> 137.0 |      2 |   164 |
| 137.0 <> 137.5 |      4 |   330 |
| 137.5 <> 138.0 |      7 |   608 |
| 138.0 <> 138.5 |      2 |   152 |
| 138.5 <> 139.0 |      0 |     0 |
| 139.0 <> 139.5 |      0 |     0 |
| 139.5 <> 140.0 |      0 |     0 |
| 140.0 <> 140.5 |      1 |    92 |
| 140.5 <> 141.0 |      4 |  1046 |
| 141.0 <> 141.5 |      1 |    78 |
| 141.5 <> 142.0 |      4 |   315 |
| 142.0 <> 142.5 |      4 |   333 |
| 142.5 <> 143.0 |      2 |   158 |
| 143.0 <> 143.5 |      2 |   169 |
| 143.5 <> 144.0 |      1 |    75 |
| 144.0 <> 144.5 |      0 |     0 |
| 144.5 <> 145.0 |      0 |     0 |
| 145.0 <> 145.5 |      0 |     0 |
| 145.5 <> 146.0 |      0 |     0 |
| 146.0 <> 146.5 |      0 |     0 |
| 146.5 <> 147.0 |      0 |     0 |
| 147.0 <> 147.5 |      0 |     0 |
| 147.5 <> 148.0 |      1 |    81 |
| 148.0 <> 148.5 |      0 |     0 |
| 148.5 <> 149.0 |      0 |     0 |
| 149.0 <> 149.5 |      0 |     0 |
| 149.5 <> 150.0 |      0 |     0 |
| 150.0 <> 150.5 |      0 |     0 |
| 150.5 <> 151.0 |      0 |     0 |
| 151.0 <> 151.5 |      0 |     0 |
| 151.5 <> 152.0 |      1 |   105 |
| 152.0 <> 152.5 |      1 |    68 |
| 152.5 <> 153.0 |      0 |     0 |
| 153.0 <> 153.5 |      0 |     0 |
| 153.5 <> 154.0 |      1 |   824 |
| 154.0 <> 154.5 |      1 |    68 |
| 154.5 <> 155.0 |      0 |     0 |
| 155.0 <> 155.5 |      0 |     0 |
| 155.5 <> 156.0 |      1 |   105 |
| 156.0 <> 156.5 |      1 |    68 |
| 156.5 <> 157.0 |      0 |     0 |
| 157.0 <> 157.5 |      0 |     0 |
| 157.5 <> 158.0 |      0 |     0 |
| 158.0 <> 158.5 |      0 |     0 |
| 158.5 <> 159.0 |      0 |     0 |
| 159.0 <> 159.5 |      0 |     0 |
| 159.5 <> 160.0 |      0 |     0 |
| 160.0 <> 160.5 |      0 |     0 |
| 160.5 <> 161.0 |      0 |     0 |
| 161.0 <> 161.5 |      0 |     0 |
| 161.5 <> 162.0 |      0 |     0 |
| 162.0 <> 162.5 |      0 |     0 |
| 162.5 <> 163.0 |      0 |     0 |
| 163.0 <> 163.5 |      0 |     0 |
| 163.5 <> 164.0 |      0 |     0 |
| 164.0 <> 164.5 |      0 |     0 |
| 164.5 <> 165.0 |      0 |     0 |
| 165.0 <> 165.5 |      0 |     0 |
| 165.5 <> 166.0 |      0 |     0 |
| 166.0 <> 166.5 |      1 |   824 |
| 166.5 <> 167.0 |      0 |     0 |
| 167.0 <> 167.5 |      0 |     0 |
| 167.5 <> 168.0 |      0 |     0 |
| 168.0 <> 168.5 |      0 |     0 |
| 168.5 <> 169.0 |      0 |     0 |
| 169.0 <> 169.5 |      1 |    68 |
| 169.5 <> 170.0 |      0 |     0 |
| 170.0 <> 170.5 |      0 |     0 |
| 170.5 <> 171.0 |      0 |     0 |
| 171.0 <> 171.5 |      0 |     0 |
| 171.5 <> 172.0 |      0 |     0 |
| 172.0 <> 172.5 |      0 |     0 |
| 172.5 <> 173.0 |      0 |     0 |
| 173.0 <> 173.5 |      0 |     0 |
| 173.5 <> 174.0 |      0 |     0 |
| 174.0 <> 174.5 |      0 |     0 |
| 174.5 <> 175.0 |      0 |     0 |
| 175.0 <> 175.5 |      0 |     0 |
| 175.5 <> 176.0 |      0 |     0 |
| 176.0 <> 176.5 |      0 |     0 |
| 176.5 <> 177.0 |      0 |     0 |
| 177.0 <> 177.5 |      0 |     0 |
| 177.5 <> 178.0 |      0 |     0 |
| 178.0 <> 178.5 |      0 |     0 |
| 178.5 <> 179.0 |      0 |     0 |
| 179.0 <> 179.5 |      0 |     0 |
| 179.5 <> 180.0 |      0 |     0 |
| 180.0 <> 180.5 |      0 |     0 |
| 180.5 <> 181.0 |      0 |     0 |
| 181.0 <> 181.5 |      1 |   824 |
| 181.5 <> 182.0 |      0 |     0 |
| 182.0 <> 182.5 |      0 |     0 |
| 182.5 <> 183.0 |      0 |     0 |
| 183.0 <> 183.5 |      0 |     0 |
| 183.5 <> 184.0 |      1 |    68 |
===================================
