
===================================
| IO Statistics                   |
|                                 |
| Interval size: 0.5 secs         |
| Col 1: Frames and bytes         |
|---------------------------------|
|                |1               |
| Interval
| Interval       | Frames | Bytes |
|---------------------------------|
|   0.0 <>   0.5 |      6 |  2263 |
|   0.5 <>   1.0 |      1 |    56 |
|   1.0 <>   1.5 |      6 |   509 |
|   1.5 <>   2.0 |      5 |   705 |
|   2.0 <>   2.5 |      0 |     0 |
|   2.5 <>   3.0 |      7 |   625 |
|   3.0 <>   3.5 |      3 |   355 |
|   3.5 <>   4.0 |      1 |    56 |
|   4.0 <>   4.5 |      2 |   112 |
|   4.5 <>   5.0 |      0 |     0 |
|   5.0 <>   5.5 |      0 |     0 |
|   5.5 <>   6.0 |      0 |     0 |
|   6.0 <>   6.5 |      3 |   720 |
|   6.5 <>   7.0 |      3 |   659 |
|   7.0 <>   7.5 |      0 |     0 |
|   7.5 <>   8.0 |      3 |   715 |
|   8.0 <>   8.5 |      0 |     0 |
|   8.5 <>   9.0 |      0 |     0 |
|   9.0 <>   9.5 |      0 |     0 |
|   9.5 <>  10.0 |      3 |   204 |
|  10.0 <>  10.5 |      1 |    68 |
|  10.5 <>  11.0 |      0 |     0 |
|  11.0 <>  11.5 |      0 |     0 |
|  11.5 <>  12.0 |      0 |     0 |
|  12.0 <>  12.5 |      4 |   500 |
|  12.5 <>  13.0 |      8 |  2789 |
|  13.0 <>  13.5 |      7 |  1200 |
|  13.5 <>  14.0 |      7 |   696 |
|  14.0 <>  14.5 |      6 |  2427 |
|  14.5 <>  15.0 |      3 |   662 |
|  15.0 <>  15.5 |     13 |  1604 |
|  15.5 <>  16.0 |      6 |  2427 |
|  16.0 <>  16.5 |      7 |  1431 |
|  16.5 <>  17.0 |      8 |   772 |
|  17.0 <>  17.5 |      8 |  3026 |
|  17.5 <>  18.0 |      5 |   869 |
|  18.0 <>  18.5 |     12 |  2933 |
|  18.5 <>  19.0 |      4 |   860 |
|  19.0 <>  19.5 |      5 |   841 |
|  19.5 <>  20.0 |      7 |   696 |
|  20.0 <>  20.5 |      6 |  2427 |
|  20.5 <>  21.0 |      8 |  1513 |
|  21.0 <>  21.5 |      7 |   696 |
|  21.5 <>  22.0 |      8 |  2789 |
|  22.0 <>  22.5 |      6 |  1158 |
|  22.5 <>  23.0 |      7 |   696 |
|  23.0 <>  23.5 |      7 |  2786 |
|  23.5 <>  24.0 |     13 |  8200 |
|  24.0 <>  24.5 |     71 | 28717 |
|  24.5 <>  25.0 |     66 | 18130 |
|  25.0 <>  25.5 |     30 |  2461 |
|  25.5 <>  26.0 |     23 |  4496 |
|  26.0 <>  26.5 |     26 |  2184 |
|  26.5 <>  27.0 |     27 |  2602 |
|  27.0 <>  27.5 |     34 |  3819 |
|  27.5 <>  28.0 |     22 |  1912 |
|  28.0 <>  28.5 |     10 |   728 |
|  28.5 <>  29.0 |     29 |  4399 |
|  29.0 <>  29.5 |      9 |   782 |
|  29.5 <>  30.0 |     23 |  2679 |
|  30.0 <>  30.5 |     29 |  2360 |
|  30.5 <>  31.0 |      7 |   508 |
|  31.0 <>  31.5 |     11 |  2673 |
|  31.5 <>  32.0 |     22 |  2944 |
|  32.0 <>  32.5 |     17 |  2848 |
|  32.5 <>  33.0 |     19 |  2782 |
|  33.0 <>  33.5 |     12 |  1461 |
|  33.5 <>  34.0 |     15 |  1060 |
|  34.0 <>  34.5 |     28 |  2138 |
|  34.5 <>  35.0 |     33 |  2488 |
|  35.0 <>  35.5 |     21 |  1692 |
|  35.5 <>  36.0 |     32 |  3438 |
|  36.0 <>  36.5 |      0 |     0 |
|  36.5 <>  37.0 |      0 |     0 |
|  37.0 <>  37.5 |      2 |   136 |
|  37.5 <>  38.0 |      4 |   272 |
|  38.0 <>  38.5 |     11 |   870 |
|  38.5 <>  39.0 |      9 |  2996 |
|  39.0 <>  39.5 |      5 |   803 |
|  39.5 <>  40.0 |      6 |   408 |
|  40.0 <>  40.5 |      1 |    56 |
|  40.5 <>  41.0 |      2 |   112 |
|  41.0 <>  41.5 |      0 |     0 |
|  41.5 <>  42.0 |      0 |     0 |
|  42.0 <>  42.5 |      0 |     0 |
|  42.5 <>  43.0 |      0 |     0 |
|  43.0 <>  43.5 |      0 |     0 |
|  43.5 <>  44.0 |      0 |     0 |
|  44.0 <>  44.5 |      4 |   272 |
|  44.5 <>  45.0 |      3 |   204 |
|  45.0 <>  45.5 |      1 |  1436 |
|  45.5 <>  46.0 |      0 |     0 |
|  46.0 <>  46.5 |      2 |   661 |
|  46.5 <>  47.0 |      4 |   765 |
|  47.0 <>  47.5 |      3 |   595 |
|  47.5 <>  48.0 |     21 |  6063 |
|  48.0 <>  48.5 |      4 |   719 |
|  48.5 <>  49.0 |      5 |   951 |
|  49.0 <>  49.5 |     12 |  3555 |
|  49.5 <>  50.0 |     30 | 13801 |
|  50.0 <>  50.5 |     29 |  4730 |
|  50.5 <>  51.0 |     50 | 13555 |
|  51.0 <>  51.5 |     40 | 16966 |
|  51.5 <>  52.0 |     34 |  8903 |
|  52.0 <>  52.5 |     34 |  8824 |
|  52.5 <>  53.0 |     71 | 19426 |
|  53.0 <>  53.5 |     56 | 18026 |
|  53.5 <>  54.0 |     62 | 27071 |
|  54.0 <>  54.5 |     45 | 12871 |
|  54.5 <>  55.0 |     64 | 28774 |
|  55.0 <>  55.5 |     50 | 26989 |
|  55.5 <>  56.0 |     70 | 29578 |
|  56.0 <>  56.5 |     34 | 21946 |
|  56.5 <>  57.0 |      1 |   891 |
|  57.0 <>  57.5 |     43 | 14359 |
|  57.5 <>  58.0 |     32 | 24103 |
|  58.0 <>  58.5 |    107 | 32329 |
|  58.5 <>  59.0 |    123 | 41867 |
|  59.0 <>  59.5 |    164 | 42168 |
|  59.5 <>  60.0 |     56 | 21863 |
|  60.0 <>  60.5 |     39 | 21459 |
|  60.5 <>  61.0 |     42 | 24508 |
|  61.0 <>  61.5 |     16 |  7200 |
|  61.5 <>  62.0 |    138 | 37519 |
|  62.0 <>  62.5 |     81 | 31271 |
|  62.5 <>  63.0 |     56 | 31553 |
|  63.0 <>  63.5 |    110 | 45840 |
|  63.5 <>  64.0 |     97 | 43830 |
|  64.0 <>  64.5 |    103 | 52745 |
|  64.5 <>  65.0 |     90 | 41793 |
|  65.0 <>  65.5 |    104 | 46040 |
|  65.5 <>  66.0 |     89 | 32997 |
|  66.0 <>  66.5 |     87 | 22400 |
|  66.5 <>  67.0 |     62 |  9146 |
|  67.0 <>  67.5 |     56 | 14323 |
|  67.5 <>  68.0 |     32 | 10044 |
|  68.0 <>  68.5 |     18 |  5309 |
|  68.5 <>  69.0 |     23 |  6937 |
|  69.0 <>  69.5 |      6 |   731 |
|  69.5 <>  70.0 |      1 |    98 |
|  70.0 <>  70.5 |      0 |     0 |
|  70.5 <>  71.0 |      4 |   304 |
|  71.0 <>  71.5 |      3 |   593 |
|  71.5 <>  72.0 |      1 |    75 |
|  72.0 <>  72.5 |     24 |  2280 |
|  72.5 <>  73.0 |      0 |     0 |
|  73.0 <>  73.5 |     17 |  1545 |
|  73.5 <>  74.0 |      3 |  1687 |
|  74.0 <>  74.5 |      3 |   569 |
|  74.5 <>  75.0 |      2 |   361 |
|  75.0 <>  75.5 |      3 |   213 |
|  75.5 <>  76.0 |      5 |   520 |
|  76.0 <>  76.5 |      7 |   602 |
|  76.5 <>  77.0 |      2 |   212 |
|  77.0 <>  77.5 |      3 |   429 |
|  77.5 <>  78.0 |      0 |     0 |
|  78.0 <>  78.5 |      0 |     0 |
|  78.5 <>  79.0 |      0 |     0 |
|  79.0 <>  79.5 |      0 |     0 |
|  79.5 <>  80.0 |      0 |     0 |
|  80.0 <>  80.5 |      0 |     0 |
|  80.5 <>  81.0 |      0 |     0 |
|  81.0 <>  81.5 |      0 |     0 |
|  81.5 <>  82.0 |      0 |     0 |
|  82.0 <>  82.5 |      0 |     0 |
|  82.5 <>  83.0 |      0 |     0 |
|  83.0 <>  83.5 |      0 |     0 |
|  83.5 <>  84.0 |      0 |     0 |
|  84.0 <>  84.5 |      1 |    76 |
|  84.5 <>  85.0 |      0 |     0 |
|  85.0 <>  85.5 |      0 |     0 |
|  85.5 <>  86.0 |      0 |     0 |
|  86.0 <>  86.5 |      6 |  3148 |
|  86.5 <>  87.0 |      0 |     0 |
|  87.0 <>  87.5 |      0 |     0 |
|  87.5 <>  88.0 |      0 |     0 |
|  88.0 <>  88.5 |      0 |     0 |
|  88.5 <>  89.0 |      6 |  1216 |
|  89.0 <>  89.5 |     11 |  1367 |
|  89.5 <>  90.0 |     11 |   883 |
|  90.0 <>  90.5 |     33 |  2235 |
|  90.5 <>  91.0 |      0 |     0 |
|  91.0 <>  91.5 |      0 |     0 |
|  91.5 <>  92.0 |      0 |     0 |
|  92.0 <>  92.5 |      0 |     0 |
|  92.5 <>  93.0 |      0 |     0 |
|  93.0 <>  93.5 |      1 |    93 |
|  93.5 <>  94.0 |      0 |     0 |
|  94.0 <>  94.5 |      0 |     0 |
|  94.5 <>  95.0 |      3 |   205 |
|  95.0 <>  95.5 |      0 |     0 |
|  95.5 <>  96.0 |      0 |     0 |
|  96.0 <>  96.5 |      0 |     0 |
|  96.5 <>  97.0 |      0 |     0 |
|  97.0 <>  97.5 |      0 |     0 |
|  97.5 <>  98.0 |      0 |     0 |
|  98.0 <>  98.5 |      0 |     0 |
|  98.5 <>  99.0 |      0 |     0 |
|  99.0 <>  99.5 |      0 |     0 |
|  99.5 <> 100.0 |      0 |     0 |
| 100.0 <> 100.5 |      0 |     0 |
| 100.5 <> 101.0 |      0 |     0 |
===================================
