4.996297000
8.896317000
12.076538000
13.688995000
15.504241000
16.279262000
16.722770000
16.733517000
18.863087000
18.923128000
19.010801000
19.053393000
19.533362000
20.282960000
22.803418000
24.996329000
25.869103000
31.040946000
31.845419000
48.429174000
48.429407000
66.909107000
67.910420000
71.305758000
71.315078000
79.095814000
79.645186000
85.674800000
92.195571000
94.575352000
94.585261000
205.583941000
206.129705000
207.358951000
209.307232000
209.417660000
210.115319000
217.109162000
222.789277000
227.629217000
228.749279000
234.298936000
235.674672000
237.374364000
238.808938000
239.228931000
240.965761000
246.988967000
248.105045000
248.268933000
263.349142000
263.680756000
263.709167000
266.349326000
272.269224000
279.709018000
280.212236000
280.771149000
281.808931000
281.911865000
281.911908000
282.092110000
282.452064000
283.212570000
283.212667000
283.312036000
284.291916000
285.310146000
286.150078000
290.819915000
295.232207000
299.869183000
360.108949000
369.988984000
371.380699000
372.250184000
