
===================================
| IO Statistics                   |
|                                 |
| Interval size: 0.5 secs         |
| Col 1: Frames and bytes         |
|---------------------------------|
|                |1               |
| Interval
| Interval       | Frames | Bytes |
|---------------------------------|
|   0.0 <>   0.5 |      2 |   448 |
|   0.5 <>   1.0 |      0 |     0 |
|   1.0 <>   1.5 |      0 |     0 |
|   1.5 <>   2.0 |      0 |     0 |
|   2.0 <>   2.5 |      0 |     0 |
|   2.5 <>   3.0 |      0 |     0 |
|   3.0 <>   3.5 |     11 |  6976 |
|   3.5 <>   4.0 |     58 |  8700 |
|   4.0 <>   4.5 |      1 |    68 |
|   4.5 <>   5.0 |     45 | 31788 |
|   5.0 <>   5.5 |     18 | 14881 |
|   5.5 <>   6.0 |    145 | 14940 |
|   6.0 <>   6.5 |      6 |  2575 |
|   6.5 <>   7.0 |      0 |     0 |
|   7.0 <>   7.5 |      0 |     0 |
|   7.5 <>   8.0 |      0 |     0 |
|   8.0 <>   8.5 |     89 | 18998 |
|   8.5 <>   9.0 |     95 | 24797 |
|   9.0 <>   9.5 |     30 | 15480 |
|   9.5 <>  10.0 |     25 |  7523 |
|  10.0 <>  10.5 |      1 |    68 |
|  10.5 <>  11.0 |     11 |  4029 |
|  11.0 <>  11.5 |     18 |  6822 |
|  11.5 <>  12.0 |      0 |     0 |
|  12.0 <>  12.5 |      0 |     0 |
|  12.5 <>  13.0 |      0 |     0 |
|  13.0 <>  13.5 |      0 |     0 |
|  13.5 <>  14.0 |      5 |  2555 |
|  14.0 <>  14.5 |     12 |  1731 |
|  14.5 <>  15.0 |     53 | 26126 |
|  15.0 <>  15.5 |     13 |  2496 |
|  15.5 <>  16.0 |      9 |  1155 |
|  16.0 <>  16.5 |      3 |   212 |
|  16.5 <>  17.0 |     12 |  2696 |
|  17.0 <>  17.5 |      6 |  1577 |
|  17.5 <>  18.0 |     10 |  1225 |
|  18.0 <>  18.5 |     12 |  2938 |
|  18.5 <>  19.0 |     16 |  3991 |
|  19.0 <>  19.5 |     11 |  2490 |
|  19.5 <>  20.0 |      2 |   136 |
|  20.0 <>  20.5 |      0 |     0 |
|  20.5 <>  21.0 |      0 |     0 |
|  21.0 <>  21.5 |      0 |     0 |
|  21.5 <>  22.0 |      0 |     0 |
|  22.0 <>  22.5 |      1 |   575 |
|  22.5 <>  23.0 |      0 |     0 |
|  23.0 <>  23.5 |      0 |     0 |
|  23.5 <>  24.0 |      0 |     0 |
|  24.0 <>  24.5 |      0 |     0 |
|  24.5 <>  25.0 |      0 |     0 |
|  25.0 <>  25.5 |      0 |     0 |
|  25.5 <>  26.0 |      1 |    68 |
|  26.0 <>  26.5 |      8 |  1287 |
|  26.5 <>  27.0 |      2 |   276 |
|  27.0 <>  27.5 |     30 | 15030 |
|  27.5 <>  28.0 |     35 | 25636 |
|  28.0 <>  28.5 |     50 | 35285 |
|  28.5 <>  29.0 |     34 | 30055 |
|  29.0 <>  29.5 |     45 | 38284 |
|  29.5 <>  30.0 |     42 | 37149 |
|  30.0 <>  30.5 |      0 |     0 |
|  30.5 <>  31.0 |      2 |   616 |
|  31.0 <>  31.5 |     46 | 38628 |
|  31.5 <>  32.0 |     35 | 17179 |
|  32.0 <>  32.5 |     43 | 31388 |
|  32.5 <>  33.0 |     13 |  5704 |
|  33.0 <>  33.5 |     21 | 15108 |
|  33.5 <>  34.0 |     22 |  8036 |
|  34.0 <>  34.5 |     30 |  6357 |
|  34.5 <>  35.0 |     12 |  1860 |
|  35.0 <>  35.5 |     36 |  6041 |
|  35.5 <>  36.0 |     36 | 21774 |
|  36.0 <>  36.5 |     24 | 17604 |
|  36.5 <>  37.0 |      9 |  2703 |
|  37.0 <>  37.5 |     11 |  2545 |
|  37.5 <>  38.0 |     38 | 16146 |
|  38.0 <>  38.5 |     29 |  7128 |
|  38.5 <>  39.0 |      5 |   871 |
|  39.0 <>  39.5 |      0 |     0 |
|  39.5 <>  40.0 |      2 |   204 |
|  40.0 <>  40.5 |      0 |     0 |
|  40.5 <>  41.0 |      0 |     0 |
|  41.0 <>  41.5 |      0 |     0 |
|  41.5 <>  42.0 |      0 |     0 |
|  42.0 <>  42.5 |      0 |     0 |
|  42.5 <>  43.0 |      0 |     0 |
|  43.0 <>  43.5 |      1 |    88 |
|  43.5 <>  44.0 |      3 |   631 |
|  44.0 <>  44.5 |      0 |     0 |
|  44.5 <>  45.0 |      0 |     0 |
|  45.0 <>  45.5 |      3 |   562 |
|  45.5 <>  46.0 |      0 |     0 |
|  46.0 <>  46.5 |     35 | 23348 |
|  46.5 <>  47.0 |      0 |     0 |
|  47.0 <>  47.5 |      0 |     0 |
|  47.5 <>  48.0 |      0 |     0 |
|  48.0 <>  48.5 |      0 |     0 |
|  48.5 <>  49.0 |      1 |    88 |
|  49.0 <>  49.5 |     34 | 10399 |
|  49.5 <>  50.0 |     13 |  3090 |
|  50.0 <>  50.5 |     12 |  2565 |
|  50.5 <>  51.0 |     23 |  3778 |
|  51.0 <>  51.5 |      7 |   978 |
|  51.5 <>  52.0 |      3 |   212 |
|  52.0 <>  52.5 |      2 |   136 |
|  52.5 <>  53.0 |      0 |     0 |
|  53.0 <>  53.5 |      0 |     0 |
|  53.5 <>  54.0 |      0 |     0 |
|  54.0 <>  54.5 |      0 |     0 |
|  54.5 <>  55.0 |      0 |     0 |
|  55.0 <>  55.5 |      0 |     0 |
|  55.5 <>  56.0 |      1 |   554 |
|  56.0 <>  56.5 |      0 |     0 |
|  56.5 <>  57.0 |      0 |     0 |
|  57.0 <>  57.5 |     40 | 11202 |
|  57.5 <>  58.0 |     76 | 51490 |
|  58.0 <>  58.5 |     22 | 17049 |
|  58.5 <>  59.0 |     26 | 19400 |
|  59.0 <>  59.5 |     29 | 16993 |
|  59.5 <>  60.0 |      0 |     0 |
|  60.0 <>  60.5 |      0 |     0 |
|  60.5 <>  61.0 |      0 |     0 |
|  61.0 <>  61.5 |      0 |     0 |
|  61.5 <>  62.0 |      2 |   144 |
|  62.0 <>  62.5 |     36 | 17618 |
|  62.5 <>  63.0 |      0 |     0 |
|  63.0 <>  63.5 |      0 |     0 |
|  63.5 <>  64.0 |      0 |     0 |
|  64.0 <>  64.5 |      0 |     0 |
|  64.5 <>  65.0 |      2 |  1504 |
|  65.0 <>  65.5 |      3 |  2191 |
|  65.5 <>  66.0 |     32 | 20311 |
|  66.0 <>  66.5 |     76 | 56902 |
|  66.5 <>  67.0 |    120 | 83754 |
|  67.0 <>  67.5 |     66 | 49304 |
|  67.5 <>  68.0 |     31 | 29257 |
|  68.0 <>  68.5 |      0 |     0 |
|  68.5 <>  69.0 |      0 |     0 |
|  69.0 <>  69.5 |      0 |     0 |
|  69.5 <>  70.0 |      0 |     0 |
|  70.0 <>  70.5 |      0 |     0 |
|  70.5 <>  71.0 |      0 |     0 |
|  71.0 <>  71.5 |      0 |     0 |
|  71.5 <>  72.0 |      0 |     0 |
|  72.0 <>  72.5 |      6 |  1432 |
|  72.5 <>  73.0 |      2 |   156 |
|  73.0 <>  73.5 |      2 |   156 |
|  73.5 <>  74.0 |     25 | 19096 |
|  74.0 <>  74.5 |     54 | 32930 |
|  74.5 <>  75.0 |     24 | 12127 |
|  75.0 <>  75.5 |      0 |     0 |
|  75.5 <>  76.0 |      0 |     0 |
|  76.0 <>  76.5 |      1 |    76 |
|  76.5 <>  77.0 |      8 |  3919 |
|  77.0 <>  77.5 |      0 |     0 |
|  77.5 <>  78.0 |      8 |   560 |
|  78.0 <>  78.5 |      6 |  1697 |
|  78.5 <>  79.0 |     10 |  2424 |
|  79.0 <>  79.5 |      0 |     0 |
|  79.5 <>  80.0 |      0 |     0 |
|  80.0 <>  80.5 |      0 |     0 |
|  80.5 <>  81.0 |      0 |     0 |
|  81.0 <>  81.5 |      0 |     0 |
|  81.5 <>  82.0 |      0 |     0 |
|  82.0 <>  82.5 |      0 |     0 |
|  82.5 <>  83.0 |      1 |   521 |
|  83.0 <>  83.5 |      0 |     0 |
|  83.5 <>  84.0 |      1 |   113 |
|  84.0 <>  84.5 |      0 |     0 |
|  84.5 <>  85.0 |      5 |   799 |
|  85.0 <>  85.5 |     81 | 62720 |
|  85.5 <>  86.0 |     44 | 26928 |
|  86.0 <>  86.5 |      1 |   105 |
|  86.5 <>  87.0 |      2 |   173 |
|  87.0 <>  87.5 |      6 |   531 |
|  87.5 <>  88.0 |     21 |  4375 |
|  88.0 <>  88.5 |     41 | 21116 |
|  88.5 <>  89.0 |      0 |     0 |
|  89.0 <>  89.5 |      0 |     0 |
|  89.5 <>  90.0 |      0 |     0 |
|  90.0 <>  90.5 |      0 |     0 |
|  90.5 <>  91.0 |      0 |     0 |
|  91.0 <>  91.5 |      0 |     0 |
|  91.5 <>  92.0 |      0 |     0 |
|  92.0 <>  92.5 |      0 |     0 |
|  92.5 <>  93.0 |      0 |     0 |
|  93.0 <>  93.5 |      0 |     0 |
|  93.5 <>  94.0 |      7 |   553 |
|  94.0 <>  94.5 |      0 |     0 |
|  94.5 <>  95.0 |     26 |  6879 |
|  95.0 <>  95.5 |     62 | 42550 |
|  95.5 <>  96.0 |     43 | 28156 |
|  96.0 <>  96.5 |     20 |  6705 |
|  96.5 <>  97.0 |     69 | 44439 |
|  97.0 <>  97.5 |      6 |  3899 |
|  97.5 <>  98.0 |      0 |     0 |
|  98.0 <>  98.5 |      0 |     0 |
|  98.5 <>  99.0 |      2 |  1516 |
|  99.0 <>  99.5 |      9 |  4889 |
|  99.5 <> 100.0 |      0 |     0 |
| 100.0 <> 100.5 |      3 |  2517 |
| 100.5 <> 101.0 |      0 |     0 |
| 101.0 <> 101.5 |      0 |     0 |
| 101.5 <> 102.0 |      0 |     0 |
| 102.0 <> 102.5 |      0 |     0 |
| 102.5 <> 103.0 |      0 |     0 |
| 103.0 <> 103.5 |      0 |     0 |
| 103.5 <> 104.0 |      0 |     0 |
| 104.0 <> 104.5 |      0 |     0 |
| 104.5 <> 105.0 |      0 |     0 |
| 105.0 <> 105.5 |      0 |     0 |
| 105.5 <> 106.0 |      0 |     0 |
| 106.0 <> 106.5 |      0 |     0 |
| 106.5 <> 107.0 |      0 |     0 |
| 107.0 <> 107.5 |      0 |     0 |
| 107.5 <> 108.0 |      0 |     0 |
| 108.0 <> 108.5 |      0 |     0 |
| 108.5 <> 109.0 |      0 |     0 |
| 109.0 <> 109.5 |      0 |     0 |
| 109.5 <> 110.0 |      0 |     0 |
| 110.0 <> 110.5 |      3 |   229 |
| 110.5 <> 111.0 |      1 |    89 |
| 111.0 <> 111.5 |      2 |   170 |
| 111.5 <> 112.0 |      0 |     0 |
| 112.0 <> 112.5 |      8 |   703 |
| 112.5 <> 113.0 |     13 |  2414 |
| 113.0 <> 113.5 |     30 |  6046 |
| 113.5 <> 114.0 |     45 | 17274 |
| 114.0 <> 114.5 |     10 |  3193 |
| 114.5 <> 115.0 |      6 |   764 |
| 115.0 <> 115.5 |      2 |   542 |
| 115.5 <> 116.0 |      0 |     0 |
| 116.0 <> 116.5 |      0 |     0 |
| 116.5 <> 117.0 |      0 |     0 |
| 117.0 <> 117.5 |      0 |     0 |
| 117.5 <> 118.0 |      0 |     0 |
| 118.0 <> 118.5 |      0 |     0 |
| 118.5 <> 119.0 |      0 |     0 |
| 119.0 <> 119.5 |      0 |     0 |
| 119.5 <> 120.0 |      0 |     0 |
| 120.0 <> 120.5 |      0 |     0 |
| 120.5 <> 121.0 |      0 |     0 |
| 121.0 <> 121.5 |      0 |     0 |
| 121.5 <> 122.0 |      0 |     0 |
| 122.0 <> 122.5 |      0 |     0 |
| 122.5 <> 123.0 |      0 |     0 |
| 123.0 <> 123.5 |      0 |     0 |
| 123.5 <> 124.0 |      0 |     0 |
| 124.0 <> 124.5 |      1 |   835 |
| 124.5 <> 125.0 |      0 |     0 |
| 125.0 <> 125.5 |      0 |     0 |
| 125.5 <> 126.0 |      0 |     0 |
| 126.0 <> 126.5 |      0 |     0 |
| 126.5 <> 127.0 |      0 |     0 |
| 127.0 <> 127.5 |      0 |     0 |
| 127.5 <> 128.0 |      0 |     0 |
| 128.0 <> 128.5 |      0 |     0 |
| 128.5 <> 129.0 |      1 |   835 |
| 129.0 <> 129.5 |      0 |     0 |
| 129.5 <> 130.0 |      0 |     0 |
| 130.0 <> 130.5 |      0 |     0 |
| 130.5 <> 131.0 |      0 |     0 |
| 131.0 <> 131.5 |      0 |     0 |
| 131.5 <> 132.0 |      3 |   888 |
| 132.0 <> 132.5 |      0 |     0 |
| 132.5 <> 133.0 |      0 |     0 |
| 133.0 <> 133.5 |      0 |     0 |
| 133.5 <> 134.0 |      0 |     0 |
| 134.0 <> 134.5 |      0 |     0 |
| 134.5 <> 135.0 |      0 |     0 |
| 135.0 <> 135.5 |      0 |     0 |
| 135.5 <> 136.0 |      0 |     0 |
| 136.0 <> 136.5 |      0 |     0 |
| 136.5 <> 137.0 |      0 |     0 |
| 137.0 <> 137.5 |      0 |     0 |
| 137.5 <> 138.0 |      0 |     0 |
| 138.0 <> 138.5 |      0 |     0 |
| 138.5 <> 139.0 |      0 |     0 |
| 139.0 <> 139.5 |      0 |     0 |
| 139.5 <> 140.0 |      0 |     0 |
| 140.0 <> 140.5 |      0 |     0 |
| 140.5 <> 141.0 |      0 |     0 |
| 141.0 <> 141.5 |      0 |     0 |
| 141.5 <> 142.0 |      0 |     0 |
| 142.0 <> 142.5 |      0 |     0 |
| 142.5 <> 143.0 |      0 |     0 |
| 143.0 <> 143.5 |      0 |     0 |
| 143.5 <> 144.0 |      0 |     0 |
| 144.0 <> 144.5 |      0 |     0 |
| 144.5 <> 145.0 |      0 |     0 |
| 145.0 <> 145.5 |      1 |   105 |
| 145.5 <> 146.0 |      0 |     0 |
| 146.0 <> 146.5 |      0 |     0 |
| 146.5 <> 147.0 |      0 |     0 |
| 147.0 <> 147.7 |      0 |     0 |
===================================
