
==================================
| IO Statistics                  |
|                                |
| Interval size: 0.5 secs        |
| Col 1: Frames and bytes        |
|--------------------------------|
|              |1                |
| Interval
| Interval     | Frames |  Bytes |
|--------------------------------|
|  0.0 <>  0.5 |      5 |    448 |
|  0.5 <>  1.0 |      7 |   1342 |
|  1.0 <>  1.5 |      9 |   1344 |
|  1.5 <>  2.0 |      1 |     68 |
|  2.0 <>  2.5 |      0 |      0 |
|  2.5 <>  3.0 |      0 |      0 |
|  3.0 <>  3.5 |     14 |   3195 |
|  3.5 <>  4.0 |      5 |    884 |
|  4.0 <>  4.5 |      2 |    625 |
|  4.5 <>  5.0 |      0 |      0 |
|  5.0 <>  5.5 |      0 |      0 |
|  5.5 <>  6.0 |      0 |      0 |
|  6.0 <>  6.5 |      1 |     80 |
|  6.5 <>  7.0 |      2 |    300 |
|  7.0 <>  7.5 |      0 |      0 |
|  7.5 <>  8.0 |      0 |      0 |
|  8.0 <>  8.5 |      0 |      0 |
|  8.5 <>  9.0 |      5 |    712 |
|  9.0 <>  9.5 |      0 |      0 |
|  9.5 <> 10.0 |     25 |  16738 |
| 10.0 <> 10.5 |      0 |      0 |
| 10.5 <> 11.0 |      0 |      0 |
| 11.0 <> 11.5 |      0 |      0 |
| 11.5 <> 12.0 |      1 |     56 |
| 12.0 <> 12.5 |     44 |  25942 |
| 12.5 <> 13.0 |     63 |  40721 |
| 13.0 <> 13.5 |     37 |   6584 |
| 13.5 <> 14.0 |     12 |   1869 |
| 14.0 <> 14.5 |      4 |    288 |
| 14.5 <> 15.0 |      0 |      0 |
| 15.0 <> 15.5 |      0 |      0 |
| 15.5 <> 16.0 |      0 |      0 |
| 16.0 <> 16.5 |      0 |      0 |
| 16.5 <> 17.0 |      1 |     76 |
| 17.0 <> 17.5 |      1 |     77 |
| 17.5 <> 18.0 |      2 |    705 |
| 18.0 <> 18.5 |      6 |    448 |
| 18.5 <> 19.0 |     49 |  20032 |
| 19.0 <> 19.5 |    116 |  86120 |
| 19.5 <> 20.0 |     23 |   5000 |
| 20.0 <> 20.5 |      2 |    136 |
| 20.5 <> 21.0 |      5 |    340 |
| 21.0 <> 21.5 |      1 |     68 |
| 21.5 <> 22.0 |      0 |      0 |
| 22.0 <> 22.5 |      0 |      0 |
| 22.5 <> 23.0 |      0 |      0 |
| 23.0 <> 23.5 |      2 |    136 |
| 23.5 <> 24.0 |      0 |      0 |
| 24.0 <> 24.5 |      3 |    204 |
| 24.5 <> 25.0 |      4 |    272 |
| 25.0 <> 25.5 |      4 |    272 |
| 25.5 <> 26.0 |      2 |    132 |
| 26.0 <> 26.5 |      0 |      0 |
| 26.5 <> 27.0 |      0 |      0 |
| 27.0 <> 27.5 |      3 |    468 |
| 27.5 <> 28.0 |      2 |    156 |
| 28.0 <> 28.5 |      3 |    994 |
| 28.5 <> 29.0 |     15 |  11386 |
| 29.0 <> 29.5 |    201 | 145194 |
| 29.5 <> 30.0 |     83 |  36053 |
| 30.0 <> 30.5 |      3 |    365 |
| 30.5 <> 31.0 |     32 |   6221 |
| 31.0 <> 31.5 |     27 |   4485 |
| 31.5 <> 32.0 |      2 |    559 |
| 32.0 <> 32.5 |      2 |    667 |
| 32.5 <> 33.0 |      0 |      0 |
| 33.0 <> 33.5 |      0 |      0 |
| 33.5 <> 34.0 |      0 |      0 |
| 34.0 <> 34.5 |      8 |   2196 |
| 34.5 <> 35.0 |     92 |  39093 |
| 35.0 <> 35.5 |     27 |   1955 |
| 35.5 <> 36.0 |     50 |  28507 |
| 36.0 <> 36.5 |     49 |  35204 |
| 36.5 <> 37.0 |     55 |  38632 |
| 37.0 <> 37.5 |     27 |   9470 |
| 37.5 <> 38.0 |     28 |  13672 |
| 38.0 <> 38.5 |     33 |   3456 |
| 38.5 <> 39.0 |     52 |  28374 |
| 39.0 <> 39.5 |     68 |  39360 |
| 39.5 <> 40.0 |    113 |  58915 |
| 40.0 <> 40.5 |     27 |  16847 |
| 40.5 <> 41.0 |      6 |    396 |
| 41.0 <> 41.5 |      7 |    476 |
| 41.5 <> 42.0 |     15 |   1352 |
| 42.0 <> 42.5 |     27 |  14216 |
| 42.5 <> 43.0 |     46 |  15014 |
| 43.0 <> 43.5 |     12 |   1592 |
| 43.5 <> 44.0 |     40 |  14256 |
| 44.0 <> 44.5 |      0 |      0 |
| 44.5 <> 45.0 |      2 |    112 |
| 45.0 <> 45.5 |      0 |      0 |
| 45.5 <> 46.0 |      0 |      0 |
| 46.0 <> 46.5 |      0 |      0 |
| 46.5 <> 47.0 |      0 |      0 |
| 47.0 <> 47.5 |      1 |     84 |
| 47.5 <> 48.0 |      0 |      0 |
| 48.0 <> 48.5 |      0 |      0 |
| 48.5 <> 49.0 |      4 |    924 |
| 49.0 <> 49.5 |     17 |   2237 |
| 49.5 <> 50.0 |     83 |  31518 |
| 50.0 <> 50.5 |     37 |  28666 |
| 50.5 <> 51.0 |      0 |      0 |
| 51.0 <> 51.5 |      0 |      0 |
| 51.5 <> 52.0 |      0 |      0 |
| 52.0 <> 52.5 |      0 |      0 |
| 52.5 <> 53.0 |      0 |      0 |
| 53.0 <> 53.5 |      8 |   5005 |
| 53.5 <> 54.0 |      0 |      0 |
| 54.0 <> 54.5 |      2 |   1675 |
| 54.5 <> 55.0 |      2 |    360 |
| 55.0 <> 55.5 |     19 |   7504 |
| 55.5 <> 56.0 |      0 |      0 |
| 56.0 <> 56.5 |     92 |  24085 |
| 56.5 <> 57.0 |     10 |    827 |
| 57.0 <> 57.5 |     14 |   5808 |
| 57.5 <> 58.0 |      0 |      0 |
| 58.0 <> 58.5 |      0 |      0 |
| 58.5 <> 59.0 |      0 |      0 |
| 59.0 <> 59.5 |      9 |    779 |
| 59.5 <> 60.0 |     65 |  29584 |
| 60.0 <> 60.5 |     43 |  29707 |
| 60.5 <> 61.0 |     39 |  25021 |
| 61.0 <> 61.5 |     38 |  32305 |
| 61.5 <> 62.0 |     21 |  10795 |
| 62.0 <> 62.5 |     37 |   7275 |
| 62.5 <> 63.0 |     21 |   2142 |
| 63.0 <> 63.5 |     37 |   7497 |
| 63.5 <> 64.0 |      9 |   2060 |
| 64.0 <> 64.5 |     20 |  14920 |
| 64.5 <> 65.0 |     31 |  22162 |
| 65.0 <> 65.5 |      0 |      0 |
| 65.5 <> 66.0 |      3 |    180 |
| 66.0 <> 66.5 |     11 |    744 |
| 66.5 <> 67.0 |      5 |    292 |
| 67.0 <> 67.5 |      0 |      0 |
| 67.5 <> 68.0 |     27 |   3374 |
| 68.0 <> 68.5 |      7 |    994 |
| 68.5 <> 69.0 |     17 |   1829 |
| 69.0 <> 69.5 |     32 |   3598 |
| 69.5 <> 70.0 |      8 |    758 |
| 70.0 <> 70.5 |      0 |      0 |
| 70.5 <> 71.0 |      2 |    136 |
| 71.0 <> 71.5 |      1 |     68 |
| 71.5 <> 72.0 |      0 |      0 |
| 72.0 <> 72.5 |      0 |      0 |
| 72.5 <> 73.0 |      2 |    164 |
| 73.0 <> 73.5 |      0 |      0 |
| 73.5 <> 74.0 |      0 |      0 |
| 74.0 <> 74.5 |      0 |      0 |
| 74.5 <> 75.0 |     24 |   3293 |
| 75.0 <> 75.5 |     10 |    818 |
| 75.5 <> 76.0 |     10 |    928 |
| 76.0 <> 76.5 |      2 |    212 |
| 76.5 <> 77.0 |      3 |    429 |
| 77.0 <> 77.5 |      0 |      0 |
| 77.5 <> 78.0 |      0 |      0 |
| 78.0 <> 78.5 |      4 |    346 |
| 78.5 <> 79.0 |      0 |      0 |
| 79.0 <> 79.5 |      3 |    195 |
| 79.5 <> 80.0 |      3 |    215 |
| 80.0 <> 80.5 |      0 |      0 |
| 80.5 <> 81.0 |      0 |      0 |
| 81.0 <> 81.5 |      2 |    679 |
| 81.5 <> 82.0 |      0 |      0 |
| 82.0 <> 82.5 |      0 |      0 |
| 82.5 <> 83.0 |      0 |      0 |
| 83.0 <> 83.5 |      0 |      0 |
| 83.5 <> 84.0 |      1 |     76 |
| 84.0 <> 84.5 |      1 |     76 |
| 84.5 <> 85.0 |      5 |    855 |
| 85.0 <> 85.5 |      0 |      0 |
| 85.5 <> 86.0 |      5 |    524 |
| 86.0 <> 86.5 |      1 |     68 |
| 86.5 <> 87.0 |      2 |    136 |
| 87.0 <> 87.5 |      1 |     68 |
| 87.5 <> 88.0 |      0 |      0 |
| 88.0 <> 88.5 |      0 |      0 |
| 88.5 <> 89.0 |      0 |      0 |
| 89.0 <> 89.5 |      0 |      0 |
| 89.5 <> 90.0 |      0 |      0 |
| 90.0 <> 90.5 |      0 |      0 |
| 90.5 <> 91.0 |      0 |      0 |
| 91.0 <> 91.5 |      0 |      0 |
| 91.5 <> 92.1 |      0 |      0 |
==================================
