
==================================
| IO Statistics                  |
|                                |
| Interval size: 0.5 secs        |
| Col 1: ip.dst==223.184.29.250  |
|--------------------------------|
|              |1                |
| Interval
| Interval     | Frames |  Bytes |
|--------------------------------|
|  0.0 <>  0.5 |      2 |    240 |
|  0.5 <>  1.0 |      3 |    208 |
|  1.0 <>  1.5 |      5 |   1060 |
|  1.5 <>  2.0 |      1 |     68 |
|  2.0 <>  2.5 |      0 |      0 |
|  2.5 <>  3.0 |      0 |      0 |
|  3.0 <>  3.5 |      6 |   2337 |
|  3.5 <>  4.0 |      2 |    183 |
|  4.0 <>  4.5 |      1 |    557 |
|  4.5 <>  5.0 |      0 |      0 |
|  5.0 <>  5.5 |      0 |      0 |
|  5.5 <>  6.0 |      0 |      0 |
|  6.0 <>  6.5 |      0 |      0 |
|  6.5 <>  7.0 |      1 |    224 |
|  7.0 <>  7.5 |      0 |      0 |
|  7.5 <>  8.0 |      0 |      0 |
|  8.0 <>  8.5 |      0 |      0 |
|  8.5 <>  9.0 |      2 |    136 |
|  9.0 <>  9.5 |      0 |      0 |
|  9.5 <> 10.0 |     13 |  16066 |
| 10.0 <> 10.5 |      0 |      0 |
| 10.5 <> 11.0 |      0 |      0 |
| 11.0 <> 11.5 |      0 |      0 |
| 11.5 <> 12.0 |      0 |      0 |
| 12.0 <> 12.5 |     20 |  23381 |
| 12.5 <> 13.0 |     32 |  37727 |
| 13.0 <> 13.5 |     14 |   2903 |
| 13.5 <> 14.0 |      4 |    726 |
| 14.0 <> 14.5 |      2 |    152 |
| 14.5 <> 15.0 |      0 |      0 |
| 15.0 <> 15.5 |      0 |      0 |
| 15.5 <> 16.0 |      0 |      0 |
| 16.0 <> 16.5 |      0 |      0 |
| 16.5 <> 17.0 |      0 |      0 |
| 17.0 <> 17.5 |      0 |      0 |
| 17.5 <> 18.0 |      0 |      0 |
| 18.0 <> 18.5 |      2 |    152 |
| 18.5 <> 19.0 |     24 |  17696 |
| 19.0 <> 19.5 |     68 |  82562 |
| 19.5 <> 20.0 |     12 |   4070 |
| 20.0 <> 20.5 |      0 |      0 |
| 20.5 <> 21.0 |      2 |    136 |
| 21.0 <> 21.5 |      0 |      0 |
| 21.5 <> 22.0 |      0 |      0 |
| 22.0 <> 22.5 |      0 |      0 |
| 22.5 <> 23.0 |      0 |      0 |
| 23.0 <> 23.5 |      0 |      0 |
| 23.5 <> 24.0 |      0 |      0 |
| 24.0 <> 24.5 |      0 |      0 |
| 24.5 <> 25.0 |      2 |    136 |
| 25.0 <> 25.5 |      2 |    136 |
| 25.5 <> 26.0 |      1 |     56 |
| 26.0 <> 26.5 |      0 |      0 |
| 26.5 <> 27.0 |      0 |      0 |
| 27.0 <> 27.5 |      1 |     76 |
| 27.5 <> 28.0 |      1 |     76 |
| 28.0 <> 28.5 |      0 |      0 |
| 28.5 <> 29.0 |      8 |  10120 |
| 29.0 <> 29.5 |    106 | 131375 |
| 29.5 <> 30.0 |     42 |  31266 |
| 30.0 <> 30.5 |      2 |    297 |
| 30.5 <> 31.0 |     12 |   1693 |
| 31.0 <> 31.5 |     13 |   2484 |
| 31.5 <> 32.0 |      1 |     68 |
| 32.0 <> 32.5 |      1 |    599 |
| 32.5 <> 33.0 |      0 |      0 |
| 33.0 <> 33.5 |      0 |      0 |
| 33.5 <> 34.0 |      0 |      0 |
| 34.0 <> 34.5 |      2 |    621 |
| 34.5 <> 35.0 |     39 |  21930 |
| 35.0 <> 35.5 |     11 |    855 |
| 35.5 <> 36.0 |     23 |  23565 |
| 36.0 <> 36.5 |     25 |  28716 |
| 36.5 <> 37.0 |     28 |  34180 |
| 37.0 <> 37.5 |     12 |   7024 |
| 37.5 <> 38.0 |     13 |  10047 |
| 38.0 <> 38.5 |     14 |   2051 |
| 38.5 <> 39.0 |     21 |  18760 |
| 39.0 <> 39.5 |     33 |  36994 |
| 39.5 <> 40.0 |     56 |  53501 |
| 40.0 <> 40.5 |     18 |  16235 |
| 40.5 <> 41.0 |      3 |    192 |
| 41.0 <> 41.5 |      4 |    272 |
| 41.5 <> 42.0 |      7 |    750 |
| 42.0 <> 42.5 |     10 |   9190 |
| 42.5 <> 43.0 |     23 |  12356 |
| 43.0 <> 43.5 |      3 |    318 |
| 43.5 <> 44.0 |     20 |  12575 |
| 44.0 <> 44.5 |      0 |      0 |
| 44.5 <> 45.0 |      1 |     56 |
| 45.0 <> 45.5 |      0 |      0 |
| 45.5 <> 46.0 |      0 |      0 |
| 46.0 <> 46.5 |      0 |      0 |
| 46.5 <> 47.0 |      0 |      0 |
| 47.0 <> 47.5 |      0 |      0 |
| 47.5 <> 48.0 |      0 |      0 |
| 48.0 <> 48.5 |      0 |      0 |
| 48.5 <> 49.0 |      2 |    773 |
| 49.0 <> 49.5 |      1 |     76 |
| 49.5 <> 50.0 |     45 |  27619 |
| 50.0 <> 50.5 |     21 |  27566 |
| 50.5 <> 51.0 |      0 |      0 |
| 51.0 <> 51.5 |      0 |      0 |
| 51.5 <> 52.0 |      0 |      0 |
| 52.0 <> 52.5 |      0 |      0 |
| 52.5 <> 53.0 |      0 |      0 |
| 53.0 <> 53.5 |      0 |      0 |
| 53.5 <> 54.0 |      0 |      0 |
| 54.0 <> 54.5 |      0 |      0 |
| 54.5 <> 55.0 |      2 |    360 |
| 55.0 <> 55.5 |     11 |   6948 |
| 55.5 <> 56.0 |      0 |      0 |
| 56.0 <> 56.5 |     35 |  13739 |
| 56.5 <> 57.0 |      5 |    324 |
| 57.0 <> 57.5 |      6 |   4950 |
| 57.5 <> 58.0 |      0 |      0 |
| 58.0 <> 58.5 |      0 |      0 |
| 58.5 <> 59.0 |      0 |      0 |
| 59.0 <> 59.5 |      2 |    256 |
| 59.5 <> 60.0 |     27 |  16769 |
| 60.0 <> 60.5 |     25 |  25351 |
| 60.5 <> 61.0 |     20 |  20561 |
| 61.0 <> 61.5 |     21 |  23813 |
| 61.5 <> 62.0 |     10 |   9851 |
| 62.0 <> 62.5 |     14 |   5403 |
| 62.5 <> 63.0 |     11 |   1363 |
| 63.0 <> 63.5 |     17 |   5173 |
| 63.5 <> 64.0 |      5 |   1339 |
| 64.0 <> 64.5 |     10 |  14360 |
| 64.5 <> 65.0 |     15 |  21242 |
| 65.0 <> 65.5 |      0 |      0 |
| 65.5 <> 66.0 |      0 |      0 |
| 66.0 <> 66.5 |      6 |    404 |
| 66.5 <> 67.0 |      3 |    180 |
| 67.0 <> 67.5 |      0 |      0 |
| 67.5 <> 68.0 |     12 |   2195 |
| 68.0 <> 68.5 |      3 |    693 |
| 68.5 <> 69.0 |      7 |   1036 |
| 69.0 <> 69.5 |     15 |   1784 |
| 69.5 <> 70.0 |      5 |    549 |
| 70.0 <> 70.5 |      0 |      0 |
| 70.5 <> 71.0 |      1 |     68 |
| 71.0 <> 71.5 |      1 |     68 |
| 71.5 <> 72.0 |      0 |      0 |
| 72.0 <> 72.5 |      0 |      0 |
| 72.5 <> 73.0 |      0 |      0 |
| 73.0 <> 73.5 |      0 |      0 |
| 73.5 <> 74.0 |      0 |      0 |
| 74.0 <> 74.5 |      0 |      0 |
| 74.5 <> 75.0 |     11 |   2262 |
| 75.0 <> 75.5 |      5 |    449 |
| 75.5 <> 76.0 |      5 |    465 |
| 76.0 <> 76.5 |      1 |     68 |
| 76.5 <> 77.0 |      2 |    361 |
| 77.0 <> 77.5 |      0 |      0 |
| 77.5 <> 78.0 |      0 |      0 |
| 78.0 <> 78.5 |      2 |    173 |
| 78.5 <> 79.0 |      0 |      0 |
| 79.0 <> 79.5 |      1 |     56 |
| 79.5 <> 80.0 |      1 |     56 |
| 80.0 <> 80.5 |      0 |      0 |
| 80.5 <> 81.0 |      0 |      0 |
| 81.0 <> 81.5 |      2 |    679 |
| 81.5 <> 82.0 |      0 |      0 |
| 82.0 <> 82.5 |      0 |      0 |
| 82.5 <> 83.0 |      0 |      0 |
| 83.0 <> 83.5 |      0 |      0 |
| 83.5 <> 84.0 |      0 |      0 |
| 84.0 <> 84.5 |      0 |      0 |
| 84.5 <> 85.0 |      2 |    152 |
| 85.0 <> 85.5 |      0 |      0 |
| 85.5 <> 86.0 |      3 |    388 |
| 86.0 <> 86.5 |      1 |     68 |
| 86.5 <> 87.0 |      1 |     68 |
| 87.0 <> 87.5 |      1 |     68 |
| 87.5 <> 88.0 |      0 |      0 |
| 88.0 <> 88.5 |      0 |      0 |
| 88.5 <> 89.0 |      0 |      0 |
| 89.0 <> 89.5 |      0 |      0 |
| 89.5 <> 90.0 |      0 |      0 |
| 90.0 <> 90.5 |      0 |      0 |
| 90.5 <> 91.0 |      0 |      0 |
| 91.0 <> 91.5 |      0 |      0 |
| 91.5 <> 92.1 |      0 |      0 |
==================================
