
=================================
| IO Statistics                 |
|                               |
| Interval size: 0.5 secs       |
| Col 1: ip.src==223.184.29.250 |
|-------------------------------|
|              |1               |
| Interval
| Interval     | Frames | Bytes |
|-------------------------------|
|  0.0 <>  0.5 |      3 |   208 |
|  0.5 <>  1.0 |      4 |  1134 |
|  1.0 <>  1.5 |      4 |   284 |
|  1.5 <>  2.0 |      0 |     0 |
|  2.0 <>  2.5 |      0 |     0 |
|  2.5 <>  3.0 |      0 |     0 |
|  3.0 <>  3.5 |      8 |   858 |
|  3.5 <>  4.0 |      3 |   701 |
|  4.0 <>  4.5 |      1 |    68 |
|  4.5 <>  5.0 |      0 |     0 |
|  5.0 <>  5.5 |      0 |     0 |
|  5.5 <>  6.0 |      0 |     0 |
|  6.0 <>  6.5 |      1 |    80 |
|  6.5 <>  7.0 |      1 |    76 |
|  7.0 <>  7.5 |      0 |     0 |
|  7.5 <>  8.0 |      0 |     0 |
|  8.0 <>  8.5 |      0 |     0 |
|  8.5 <>  9.0 |      3 |   576 |
|  9.0 <>  9.5 |      0 |     0 |
|  9.5 <> 10.0 |     12 |   672 |
| 10.0 <> 10.5 |      0 |     0 |
| 10.5 <> 11.0 |      0 |     0 |
| 11.0 <> 11.5 |      0 |     0 |
| 11.5 <> 12.0 |      1 |    56 |
| 12.0 <> 12.5 |     24 |  2561 |
| 12.5 <> 13.0 |     31 |  2994 |
| 13.0 <> 13.5 |     23 |  3681 |
| 13.5 <> 14.0 |      8 |  1143 |
| 14.0 <> 14.5 |      2 |   136 |
| 14.5 <> 15.0 |      0 |     0 |
| 15.0 <> 15.5 |      0 |     0 |
| 15.5 <> 16.0 |      0 |     0 |
| 16.0 <> 16.5 |      0 |     0 |
| 16.5 <> 17.0 |      1 |    76 |
| 17.0 <> 17.5 |      1 |    77 |
| 17.5 <> 18.0 |      2 |   705 |
| 18.0 <> 18.5 |      4 |   296 |
| 18.5 <> 19.0 |     25 |  2336 |
| 19.0 <> 19.5 |     48 |  3558 |
| 19.5 <> 20.0 |     11 |   930 |
| 20.0 <> 20.5 |      2 |   136 |
| 20.5 <> 21.0 |      3 |   204 |
| 21.0 <> 21.5 |      1 |    68 |
| 21.5 <> 22.0 |      0 |     0 |
| 22.0 <> 22.5 |      0 |     0 |
| 22.5 <> 23.0 |      0 |     0 |
| 23.0 <> 23.5 |      2 |   136 |
| 23.5 <> 24.0 |      0 |     0 |
| 24.0 <> 24.5 |      3 |   204 |
| 24.5 <> 25.0 |      2 |   136 |
| 25.0 <> 25.5 |      2 |   136 |
| 25.5 <> 26.0 |      1 |    76 |
| 26.0 <> 26.5 |      0 |     0 |
| 26.5 <> 27.0 |      0 |     0 |
| 27.0 <> 27.5 |      2 |   392 |
| 27.5 <> 28.0 |      1 |    80 |
| 28.0 <> 28.5 |      3 |   994 |
| 28.5 <> 29.0 |      7 |  1266 |
| 29.0 <> 29.5 |     95 | 13819 |
| 29.5 <> 30.0 |     41 |  4787 |
| 30.0 <> 30.5 |      1 |    68 |
| 30.5 <> 31.0 |     20 |  4528 |
| 31.0 <> 31.5 |     14 |  2001 |
| 31.5 <> 32.0 |      1 |   491 |
| 32.0 <> 32.5 |      1 |    68 |
| 32.5 <> 33.0 |      0 |     0 |
| 33.0 <> 33.5 |      0 |     0 |
| 33.5 <> 34.0 |      0 |     0 |
| 34.0 <> 34.5 |      6 |  1575 |
| 34.5 <> 35.0 |     53 | 17163 |
| 35.0 <> 35.5 |     16 |  1100 |
| 35.5 <> 36.0 |     27 |  4942 |
| 36.0 <> 36.5 |     24 |  6488 |
| 36.5 <> 37.0 |     27 |  4452 |
| 37.0 <> 37.5 |     15 |  2446 |
| 37.5 <> 38.0 |     15 |  3625 |
| 38.0 <> 38.5 |     19 |  1405 |
| 38.5 <> 39.0 |     31 |  9614 |
| 39.0 <> 39.5 |     35 |  2366 |
| 39.5 <> 40.0 |     57 |  5414 |
| 40.0 <> 40.5 |      9 |   612 |
| 40.5 <> 41.0 |      3 |   204 |
| 41.0 <> 41.5 |      3 |   204 |
| 41.5 <> 42.0 |      8 |   602 |
| 42.0 <> 42.5 |     17 |  5026 |
| 42.5 <> 43.0 |     23 |  2658 |
| 43.0 <> 43.5 |      9 |  1274 |
| 43.5 <> 44.0 |     20 |  1681 |
| 44.0 <> 44.5 |      0 |     0 |
| 44.5 <> 45.0 |      1 |    56 |
| 45.0 <> 45.5 |      0 |     0 |
| 45.5 <> 46.0 |      0 |     0 |
| 46.0 <> 46.5 |      0 |     0 |
| 46.5 <> 47.0 |      0 |     0 |
| 47.0 <> 47.5 |      1 |    84 |
| 47.5 <> 48.0 |      0 |     0 |
| 48.0 <> 48.5 |      0 |     0 |
| 48.5 <> 49.0 |      2 |   151 |
| 49.0 <> 49.5 |     16 |  2161 |
| 49.5 <> 50.0 |     38 |  3899 |
| 50.0 <> 50.5 |     16 |  1100 |
| 50.5 <> 51.0 |      0 |     0 |
| 51.0 <> 51.5 |      0 |     0 |
| 51.5 <> 52.0 |      0 |     0 |
| 52.0 <> 52.5 |      0 |     0 |
| 52.5 <> 53.0 |      0 |     0 |
| 53.0 <> 53.5 |      8 |  5005 |
| 53.5 <> 54.0 |      0 |     0 |
| 54.0 <> 54.5 |      2 |  1675 |
| 54.5 <> 55.0 |      0 |     0 |
| 55.0 <> 55.5 |      8 |   556 |
| 55.5 <> 56.0 |      0 |     0 |
| 56.0 <> 56.5 |     57 | 10346 |
| 56.5 <> 57.0 |      5 |   503 |
| 57.0 <> 57.5 |      8 |   858 |
| 57.5 <> 58.0 |      0 |     0 |
| 58.0 <> 58.5 |      0 |     0 |
| 58.5 <> 59.0 |      0 |     0 |
| 59.0 <> 59.5 |      7 |   523 |
| 59.5 <> 60.0 |     38 | 12815 |
| 60.0 <> 60.5 |     18 |  4356 |
| 60.5 <> 61.0 |     19 |  4460 |
| 61.0 <> 61.5 |     17 |  8492 |
| 61.5 <> 62.0 |     11 |   944 |
| 62.0 <> 62.5 |     23 |  1872 |
| 62.5 <> 63.0 |     10 |   779 |
| 63.0 <> 63.5 |     20 |  2324 |
| 63.5 <> 64.0 |      4 |   721 |
| 64.0 <> 64.5 |     10 |   560 |
| 64.5 <> 65.0 |     16 |   920 |
| 65.0 <> 65.5 |      0 |     0 |
| 65.5 <> 66.0 |      3 |   180 |
| 66.0 <> 66.5 |      5 |   340 |
| 66.5 <> 67.0 |      2 |   112 |
| 67.0 <> 67.5 |      0 |     0 |
| 67.5 <> 68.0 |     15 |  1179 |
| 68.0 <> 68.5 |      4 |   301 |
| 68.5 <> 69.0 |     10 |   793 |
| 69.0 <> 69.5 |     17 |  1814 |
| 69.5 <> 70.0 |      3 |   209 |
| 70.0 <> 70.5 |      0 |     0 |
| 70.5 <> 71.0 |      1 |    68 |
| 71.0 <> 71.5 |      0 |     0 |
| 71.5 <> 72.0 |      0 |     0 |
| 72.0 <> 72.5 |      0 |     0 |
| 72.5 <> 73.0 |      2 |   164 |
| 73.0 <> 73.5 |      0 |     0 |
| 73.5 <> 74.0 |      0 |     0 |
| 74.0 <> 74.5 |      0 |     0 |
| 74.5 <> 75.0 |     13 |  1031 |
| 75.0 <> 75.5 |      5 |   369 |
| 75.5 <> 76.0 |      5 |   463 |
| 76.0 <> 76.5 |      1 |   144 |
| 76.5 <> 77.0 |      1 |    68 |
| 77.0 <> 77.5 |      0 |     0 |
| 77.5 <> 78.0 |      0 |     0 |
| 78.0 <> 78.5 |      2 |   173 |
| 78.5 <> 79.0 |      0 |     0 |
| 79.0 <> 79.5 |      2 |   139 |
| 79.5 <> 80.0 |      2 |   159 |
| 80.0 <> 80.5 |      0 |     0 |
| 80.5 <> 81.0 |      0 |     0 |
| 81.0 <> 81.5 |      0 |     0 |
| 81.5 <> 82.0 |      0 |     0 |
| 82.0 <> 82.5 |      0 |     0 |
| 82.5 <> 83.0 |      0 |     0 |
| 83.0 <> 83.5 |      0 |     0 |
| 83.5 <> 84.0 |      1 |    76 |
| 84.0 <> 84.5 |      1 |    76 |
| 84.5 <> 85.0 |      3 |   703 |
| 85.0 <> 85.5 |      0 |     0 |
| 85.5 <> 86.0 |      2 |   136 |
| 86.0 <> 86.5 |      0 |     0 |
| 86.5 <> 87.0 |      1 |    68 |
| 87.0 <> 87.5 |      0 |     0 |
| 87.5 <> 88.0 |      0 |     0 |
| 88.0 <> 88.5 |      0 |     0 |
| 88.5 <> 89.0 |      0 |     0 |
| 89.0 <> 89.5 |      0 |     0 |
| 89.5 <> 90.0 |      0 |     0 |
| 90.0 <> 90.5 |      0 |     0 |
| 90.5 <> 91.0 |      0 |     0 |
| 91.0 <> 91.5 |      0 |     0 |
| 91.5 <> 92.1 |      0 |     0 |
=================================
