
=================================
| IO Statistics                 |
|                               |
| Interval size: 0.5 secs       |
| Col 1: ip.src==223.181.62.13  |
|-------------------------------|
|              |1               |
| Interval
| Interval     | Frames | Bytes |
|-------------------------------|
|  0.0 <>  0.5 |      2 |   144 |
|  0.5 <>  1.0 |      0 |     0 |
|  1.0 <>  1.5 |      1 |    68 |
|  1.5 <>  2.0 |      2 |   156 |
|  2.0 <>  2.5 |      1 |    76 |
|  2.5 <>  3.0 |      0 |     0 |
|  3.0 <>  3.5 |      1 |    76 |
|  3.5 <>  4.0 |      0 |     0 |
|  4.0 <>  4.5 |      1 |    80 |
|  4.5 <>  5.0 |      1 |    76 |
|  5.0 <>  5.5 |      1 |    76 |
|  5.5 <>  6.0 |      2 |   387 |
|  6.0 <>  6.5 |      2 |   160 |
|  6.5 <>  7.0 |      1 |    80 |
|  7.0 <>  7.5 |      0 |     0 |
|  7.5 <>  8.0 |      1 |    80 |
|  8.0 <>  8.5 |      6 |  1380 |
|  8.5 <>  9.0 |      2 |   388 |
|  9.0 <>  9.5 |      0 |     0 |
|  9.5 <> 10.0 |      0 |     0 |
| 10.0 <> 10.5 |      1 |    68 |
| 10.5 <> 11.0 |      0 |     0 |
| 11.0 <> 11.5 |      0 |     0 |
| 11.5 <> 12.0 |      0 |     0 |
| 12.0 <> 12.5 |      4 |   272 |
| 12.5 <> 13.0 |      1 |    89 |
| 13.0 <> 13.5 |      0 |     0 |
| 13.5 <> 14.0 |      4 |   272 |
| 14.0 <> 14.5 |      0 |     0 |
| 14.5 <> 15.0 |      0 |     0 |
| 15.0 <> 15.5 |      9 |   620 |
| 15.5 <> 16.0 |     17 |  2207 |
| 16.0 <> 16.5 |      0 |     0 |
| 16.5 <> 17.0 |      5 |   381 |
| 17.0 <> 17.5 |     30 |  7477 |
| 17.5 <> 18.0 |      3 |   688 |
| 18.0 <> 18.5 |     20 |  3240 |
| 18.5 <> 19.0 |     12 |  4188 |
| 19.0 <> 19.5 |      5 |  1047 |
| 19.5 <> 20.0 |      6 |  2002 |
| 20.0 <> 20.5 |     17 |  4442 |
| 20.5 <> 21.0 |     10 |  1400 |
| 21.0 <> 21.5 |      6 |  1135 |
| 21.5 <> 22.0 |     15 |  1920 |
| 22.0 <> 22.5 |      4 |   296 |
| 22.5 <> 23.0 |     12 |  1975 |
| 23.0 <> 23.5 |      8 |  2846 |
| 23.5 <> 24.0 |      4 |  1465 |
| 24.0 <> 24.5 |     15 |  2500 |
| 24.5 <> 25.0 |     13 |  1961 |
| 25.0 <> 25.5 |      9 |  1134 |
| 25.5 <> 26.0 |     18 |  1275 |
| 26.0 <> 26.5 |      9 |  2548 |
| 26.5 <> 27.0 |      9 |   646 |
| 27.0 <> 27.5 |      0 |     0 |
| 27.5 <> 28.0 |      4 |   272 |
| 28.0 <> 28.5 |     13 |  3041 |
| 28.5 <> 29.0 |      3 |  1361 |
| 29.0 <> 29.5 |      2 |   144 |
| 29.5 <> 30.0 |      0 |     0 |
| 30.0 <> 30.5 |      4 |   272 |
| 30.5 <> 31.0 |     14 |   952 |
| 31.0 <> 31.5 |     13 |   932 |
| 31.5 <> 32.0 |      8 |  2165 |
| 32.0 <> 32.5 |     10 |   692 |
| 32.5 <> 33.0 |      3 |   216 |
| 33.0 <> 33.5 |      2 |   160 |
| 33.5 <> 34.0 |     23 |  3563 |
| 34.0 <> 34.5 |     15 |  1035 |
| 34.5 <> 35.0 |     11 |  1967 |
| 35.0 <> 35.5 |      4 |  1452 |
| 35.5 <> 36.0 |      1 |    80 |
| 36.0 <> 36.5 |      0 |     0 |
| 36.5 <> 37.0 |      5 |   340 |
| 37.0 <> 37.5 |      0 |     0 |
| 37.5 <> 38.0 |      9 |  1121 |
| 38.0 <> 38.5 |     19 |  1320 |
| 38.5 <> 39.0 |     31 |  3385 |
| 39.0 <> 39.5 |     11 |  1304 |
| 39.5 <> 40.0 |     14 |  1968 |
| 40.0 <> 40.5 |     22 |  2269 |
| 40.5 <> 41.0 |      2 |   136 |
| 41.0 <> 41.5 |      0 |     0 |
| 41.5 <> 42.0 |      6 |  2356 |
| 42.0 <> 42.5 |     13 |  1837 |
| 42.5 <> 43.0 |      9 |   612 |
| 43.0 <> 43.5 |      2 |   148 |
| 43.5 <> 44.0 |      1 |    68 |
| 44.0 <> 44.5 |      3 |   216 |
| 44.5 <> 45.0 |      0 |     0 |
| 45.0 <> 45.5 |      5 |   364 |
| 45.5 <> 46.0 |      0 |     0 |
| 46.0 <> 46.5 |      2 |   136 |
| 46.5 <> 47.0 |     10 |   818 |
| 47.0 <> 47.5 |      4 |   272 |
| 47.5 <> 48.0 |      0 |     0 |
| 48.0 <> 48.5 |      1 |    68 |
| 48.5 <> 49.0 |      0 |     0 |
| 49.0 <> 49.5 |      0 |     0 |
| 49.5 <> 50.0 |      2 |   152 |
| 50.0 <> 50.5 |      1 |    68 |
| 50.5 <> 51.0 |      2 |   148 |
| 51.0 <> 51.5 |      0 |     0 |
| 51.5 <> 52.0 |      0 |     0 |
| 52.0 <> 52.5 |      0 |     0 |
| 52.5 <> 53.0 |      0 |     0 |
| 53.0 <> 53.5 |      1 |    68 |
| 53.5 <> 54.0 |      0 |     0 |
| 54.0 <> 54.5 |      0 |     0 |
| 54.5 <> 55.0 |      0 |     0 |
| 55.0 <> 55.5 |      1 |    68 |
| 55.5 <> 56.0 |      3 |   220 |
| 56.0 <> 56.5 |      2 |   136 |
| 56.5 <> 57.0 |     12 |  1748 |
| 57.0 <> 57.5 |      2 |   148 |
| 57.5 <> 58.0 |     10 |  1055 |
| 58.0 <> 58.5 |      8 |  1141 |
| 58.5 <> 59.0 |      0 |     0 |
| 59.0 <> 59.5 |      2 |   173 |
| 59.5 <> 60.0 |      7 |   498 |
| 60.0 <> 60.5 |     10 |  2104 |
| 60.5 <> 61.0 |      8 |   572 |
| 61.0 <> 61.5 |      3 |   942 |
| 61.5 <> 62.0 |      3 |   204 |
| 62.0 <> 62.5 |      0 |     0 |
| 62.5 <> 63.0 |      1 |    68 |
| 63.0 <> 63.5 |      7 |   476 |
| 63.5 <> 64.0 |      0 |     0 |
| 64.0 <> 64.5 |      0 |     0 |
| 64.5 <> 65.0 |      0 |     0 |
| 65.0 <> 65.5 |      0 |     0 |
| 65.5 <> 66.0 |      1 |   113 |
| 66.0 <> 66.5 |      1 |    68 |
| 66.5 <> 67.0 |      0 |     0 |
| 67.0 <> 67.5 |      0 |     0 |
| 67.5 <> 68.0 |      1 |    76 |
| 68.0 <> 68.5 |      1 |    76 |
| 68.5 <> 69.0 |      1 |    68 |
| 69.0 <> 69.5 |      0 |     0 |
| 69.5 <> 70.0 |      0 |     0 |
| 70.0 <> 70.5 |      0 |     0 |
| 70.5 <> 71.1 |      1 |    76 |
=================================
